10.150530244012613
14.552319835761446
15.484791097144955
15.484791097144955
15.600641950470662
33.626281371461886
33.626281371461886
33.626281371461886
33.626281371461886
49.96247541435533
49.96247541435533
49.96247541435533
49.96247541435533
49.96247541435533
49.96247541435533
49.96247541435533
49.96247541435533
49.96247541435533
49.96247541435533
49.96247541435533
49.96247541435533
49.96247541435533
49.96247541435533
49.96247541435533
49.96247541435533
49.96247541435533
49.96247541435533
49.96247541435533
49.96247541435533
49.96247541435533
49.96247541435533
49.96247541435533
50.928075733677446
50.928075733677446
50.928075733677446
50.928075733677446
50.928075733677446
50.928075733677446
50.928075733677446
50.928075733677446
50.928075733677446
51.7294397215618
51.7294397215618
51.7294397215618
51.7294397215618
51.7294397215618
51.7294397215618
51.7294397215618
51.7294397215618
51.7294397215618
52.07780374365708
52.07780374365708
52.81829111757786
52.81829111757786
52.81829111757786
52.81829111757786
52.81829111757786
52.81829111757786
52.81829111757786
52.81829111757786
52.81829111757786
52.81829111757786
52.81829111757786
52.81829111757786
53.03778064776429
53.03778064776429
53.03778064776429
53.03778064776429
53.03778064776429
53.03778064776429
53.03778064776429
53.03778064776429
53.03778064776429
53.03778064776429
53.03778064776429
53.03778064776429
53.03778064776429
56.72972199687312
56.72972199687312
56.72972199687312
56.72972199687312
56.72972199687312
56.72972199687312
56.72972199687312
56.72972199687312
56.72972199687312
56.72972199687312
56.72972199687312
56.72972199687312
56.72972199687312
56.72972199687312
56.72972199687312
56.72972199687312
56.72972199687312
56.72972199687312
56.72972199687312
56.72972199687312
56.72972199687312
56.72972199687312
56.72972199687312
56.72972199687312
56.72972199687312
56.72972199687312
56.72972199687312
56.72972199687312
56.72972199687312
56.72972199687312
56.72972199687312
56.72972199687312
56.72972199687312
56.72972199687312
56.72972199687312
56.72972199687312
56.72972199687312
56.72972199687312
56.72972199687312
56.72972199687312
56.72972199687312
56.72972199687312
56.72972199687312
56.72972199687312
56.72972199687312
56.72972199687312
56.72972199687312
56.72972199687312
58.78860541019289
58.78860541019289
58.78860541019289
58.78860541019289
58.78860541019289
58.78860541019289
58.78860541019289
58.78860541019289
58.78860541019289
58.78860541019289
59.571490432202864
59.571490432202864
59.571490432202864
59.571490432202864
59.571490432202864
59.571490432202864
59.571490432202864
59.571490432202864
59.571490432202864
59.571490432202864
59.571490432202864
59.571490432202864
59.571490432202864
59.571490432202864
59.571490432202864
59.571490432202864
59.571490432202864
59.571490432202864
59.571490432202864
59.571490432202864
59.571490432202864
59.571490432202864
59.571490432202864
59.571490432202864
59.9304617685198
59.9304617685198
59.9304617685198
59.9304617685198
59.941315538799714
59.941315538799714
60.4950665632895
60.4950665632895
60.4950665632895
60.4950665632895
60.4950665632895
60.4950665632895
60.4950665632895
60.4950665632895
60.4950665632895
60.4950665632895
60.4950665632895
60.4950665632895
60.4950665632895
60.4950665632895
60.4950665632895
60.4950665632895
60.4950665632895
60.4950665632895
60.4950665632895
60.4950665632895
60.4950665632895
60.4950665632895
60.4950665632895
60.4950665632895
60.4950665632895
60.4950665632895
60.4950665632895
60.4950665632895
60.4950665632895
60.4950665632895
60.4950665632895
60.4950665632895
61.90111940306966
61.90111940306966
61.90111940306966
61.90111940306966
61.90111940306966
61.90111940306966
61.90111940306966
61.90111940306966
61.90111940306966
61.90111940306966
61.90111940306966
61.90111940306966
61.90111940306966
61.90111940306966
61.90111940306966
61.90111940306966
61.90111940306966
61.90111940306966
61.90111940306966
61.90111940306966
61.90111940306966
61.90111940306966
61.90111940306966
61.90111940306966
61.90111940306966
61.90111940306966
61.90111940306966
61.90111940306966
61.90111940306966
61.90111940306966
61.90111940306966
61.90111940306966
61.90111940306966
61.90111940306966
61.90111940306966
61.90111940306966
61.90111940306966
61.90111940306966
61.90111940306966
61.90111940306966
61.90111940306966
61.90111940306966
61.90111940306966
61.90111940306966
61.90111940306966
62.38919114542498
62.38919114542498
62.38919114542498
62.38919114542498
62.38919114542498
62.38919114542498
62.38919114542498
62.38919114542498
62.38919114542498
62.38919114542498
62.42030615323213
62.42030615323213
62.42030615323213
62.42030615323213
62.42030615323213
62.42030615323213
62.42030615323213
62.42030615323213
62.42030615323213
62.42030615323213
62.42030615323213
62.42030615323213
62.42030615323213
62.42030615323213
62.42030615323213
62.42030615323213
62.42030615323213
62.42030615323213
62.42030615323213
62.42030615323213
62.42030615323213
62.42030615323213
62.42030615323213
62.42030615323213
62.42030615323213
62.42030615323213
62.42030615323213
62.42030615323213
62.42030615323213
62.42030615323213
62.42030615323213
62.42030615323213
62.42030615323213
62.42030615323213
62.42030615323213
62.42030615323213
62.42030615323213
62.42030615323213
62.42030615323213
62.42030615323213
62.42030615323213
62.42030615323213
62.42030615323213
62.42030615323213
62.42030615323213
62.42030615323213
62.42030615323213
62.42030615323213
62.42030615323213
62.42030615323213
62.42030615323213
62.42030615323213
62.42030615323213
62.42030615323213
62.42030615323213
62.42030615323213
62.42030615323213
62.42030615323213
62.42030615323213
62.42030615323213
62.42030615323213
62.42030615323213
62.42030615323213
62.42030615323213
62.42030615323213
62.42030615323213
62.42030615323213
64.08879934094637
64.08879934094637
64.08879934094637
64.08879934094637
64.08879934094637
64.08879934094637
64.08879934094637
64.08879934094637
64.08879934094637
64.08879934094637
64.08879934094637
64.08879934094637
64.08879934094637
64.08879934094637
64.08879934094637
64.08879934094637
64.08879934094637
64.08879934094637
64.08879934094637
64.08879934094637
64.08879934094637
64.08879934094637
64.08879934094637
64.08879934094637
64.08879934094637
64.08879934094637
64.08879934094637
64.08879934094637
64.08879934094637
64.08879934094637
64.08879934094637
64.08879934094637
64.08879934094637
64.08879934094637
64.08879934094637
64.08879934094637
64.08879934094637
64.08879934094637
64.08879934094637
64.08879934094637
64.08879934094637
64.08879934094637
64.08879934094637
64.08879934094637
64.08879934094637
64.08879934094637
64.08879934094637
64.08879934094637
64.08879934094637
64.08879934094637
64.08879934094637
64.08879934094637
64.08879934094637
64.08879934094637
64.08879934094637
64.08879934094637
64.08879934094637
64.08879934094637
64.08879934094637
64.08879934094637
64.08879934094637
64.08879934094637
64.08879934094637
64.08879934094637
64.08879934094637
64.08879934094637
64.08879934094637
64.08879934094637
64.08879934094637
64.08879934094637
64.08879934094637
64.08879934094637
64.08879934094637
64.08879934094637
64.08879934094637
64.08879934094637
64.08879934094637
64.08879934094637
64.08879934094637
64.08879934094637
64.08879934094637
64.08879934094637
64.08879934094637
64.08879934094637
64.08879934094637
64.08879934094637
64.08879934094637
64.08879934094637
64.08879934094637
64.08879934094637
64.08879934094637
64.08879934094637
64.08879934094637
64.08879934094637
64.08879934094637
64.08879934094637
64.08879934094637
64.08879934094637
64.08879934094637
64.08879934094637
64.08879934094637
64.08879934094637
64.24192624674197
64.24192624674197
64.24192624674197
64.24192624674197
64.24192624674197
64.24192624674197
64.24192624674197
64.24192624674197
64.24192624674197
64.24192624674197
64.24192624674197
64.24192624674197
64.24192624674197
64.24192624674197
64.24192624674197
64.24192624674197
64.24192624674197
64.24192624674197
64.24192624674197
64.24192624674197
64.24192624674197
64.24192624674197
64.24192624674197
64.24192624674197
64.24192624674197
64.24192624674197
64.24192624674197
64.24192624674197
64.24192624674197
64.24192624674197
64.24192624674197
64.24192624674197
64.24192624674197
64.24192624674197
64.24192624674197
64.24192624674197
64.24192624674197
64.24192624674197
64.24192624674197
64.24192624674197
64.24192624674197
64.24192624674197
64.24192624674197
64.24192624674197
64.24192624674197
64.24192624674197
64.24192624674197
64.24192624674197
64.24192624674197
64.24192624674197
64.24192624674197
64.24192624674197
64.24192624674197
64.24192624674197
64.24192624674197
64.24192624674197
64.24192624674197
64.24192624674197
64.24192624674197
64.24192624674197
64.24192624674197
64.24192624674197
64.24192624674197
64.24192624674197
64.24192624674197
64.24192624674197
64.24192624674197
64.24192624674197
64.24192624674197
64.24192624674197
64.24192624674197
64.24192624674197
64.24192624674197
64.24192624674197
64.24192624674197
64.24192624674197
64.24192624674197
64.24192624674197
64.24192624674197
64.24192624674197
0.00023636261381565778
42.02265062935241
42.02265062935241
42.02265062935241
42.02265062935241
42.02265062935241
42.02265062935241
56.368624241853844
56.368624241853844
56.368624241853844
56.368624241853844
56.368624241853844
56.368624241853844
56.368624241853844
56.368624241853844
56.368624241853844
56.368624241853844
56.368624241853844
56.368624241853844
56.368624241853844
56.368624241853844
56.368624241853844
56.368624241853844
56.368624241853844
56.368624241853844
56.368624241853844
56.368624241853844
56.368624241853844
56.368624241853844
56.368624241853844
56.368624241853844
56.368624241853844
56.368624241853844
68.08792359482558
68.08792359482558
68.08792359482558
68.08792359482558
68.08792359482558
68.08792359482558
68.08792359482558
68.08792359482558
68.08792359482558
68.08792359482558
68.08792359482558
68.08792359482558
68.08792359482558
68.08792359482558
68.08792359482558
68.08792359482558
68.08792359482558
68.08792359482558
68.08792359482558
68.08792359482558
68.08792359482558
68.08792359482558
68.08792359482558
68.08792359482558
68.08792359482558
68.08792359482558
68.08792359482558
68.08792359482558
68.08792359482558
68.08792359482558
68.08792359482558
68.08792359482558
68.08792359482558
68.08792359482558
68.08792359482558
68.08792359482558
68.08792359482558
68.08792359482558
68.08792359482558
68.08792359482558
68.08792359482558
68.08792359482558
68.08792359482558
68.08792359482558
68.08792359482558
68.08792359482558
68.08792359482558
68.08792359482558
68.08792359482558
68.08792359482558
68.08792359482558
68.08792359482558
68.08792359482558
68.08792359482558
68.08792359482558
68.08792359482558
68.08792359482558
68.08792359482558
68.08792359482558
68.08792359482558
68.08792359482558
68.08792359482558
68.08792359482558
68.08792359482558
68.08792359482558
68.08792359482558
68.08792359482558
68.08792359482558
68.08792359482558
68.08792359482558
68.08792359482558
68.08792359482558
68.08792359482558
68.08792359482558
68.08792359482558
68.08792359482558
68.08792359482558
68.08792359482558
68.08792359482558
68.08792359482558
68.08792359482558
68.08792359482558
68.08792359482558
68.08792359482558
68.08792359482558
68.08792359482558
68.08792359482558
68.08792359482558
68.08792359482558
68.08792359482558
68.08792359482558
68.08792359482558
68.08792359482558
68.08792359482558
68.08792359482558
68.08792359482558
68.08792359482558
68.08792359482558
68.08792359482558
68.08792359482558
68.08792359482558
68.08792359482558
68.08792359482558
68.08792359482558
68.08792359482558
68.08792359482558
68.08792359482558
68.08792359482558
68.08792359482558
68.08792359482558
68.08792359482558
68.08792359482558
68.08792359482558
68.08792359482558
68.08792359482558
68.08792359482558
68.08792359482558
68.08792359482558
68.08792359482558
68.08792359482558
68.08792359482558
68.08792359482558
68.08792359482558
68.08792359482558
68.08792359482558
68.08792359482558
68.08792359482558
68.08792359482558
68.08792359482558
68.08792359482558
68.08792359482558
68.08792359482558
68.08792359482558
68.08792359482558
68.08792359482558
68.08792359482558
68.08792359482558
68.08792359482558
68.08792359482558
68.08792359482558
68.08792359482558
68.08792359482558
68.08792359482558
68.08792359482558
68.08792359482558
68.08792359482558
68.08792359482558
68.08792359482558
68.08792359482558
68.08792359482558
68.08792359482558
68.08792359482558
68.08792359482558
68.08792359482558
68.08792359482558
68.08792359482558
68.08792359482558
68.08792359482558
68.08792359482558
68.08792359482558
68.08792359482558
68.08792359482558
68.08792359482558
68.08792359482558
68.08792359482558
68.08792359482558
68.08792359482558
68.08792359482558
68.08792359482558
68.08792359482558
68.08792359482558
68.08792359482558
68.08792359482558
68.08792359482558
68.08792359482558
68.08792359482558
68.08792359482558
68.08792359482558
68.08792359482558
68.08792359482558
68.08792359482558
68.08792359482558
68.08792359482558
68.08792359482558
68.08792359482558
68.08792359482558
68.08792359482558
68.08792359482558
68.08792359482558
68.08792359482558
68.08792359482558
68.08792359482558
68.08792359482558
68.08792359482558
68.08792359482558
68.08792359482558
68.08792359482558
68.08792359482558
68.08792359482558
68.08792359482558
68.08792359482558
68.08792359482558
68.08792359482558
68.08792359482558
68.08792359482558
68.08792359482558
68.08792359482558
68.08792359482558
68.08792359482558
68.08792359482558
68.08792359482558
69.79288203512758
71.42652207778868
71.42652207778868
71.42652207778868
71.42652207778868
71.42652207778868
71.42652207778868
71.63333702172469
71.63333702172469
71.63333702172469
71.63333702172469
71.63333702172469
71.63333702172469
71.63333702172469
71.63333702172469
71.63333702172469
71.63333702172469
71.63333702172469
71.63333702172469
71.63333702172469
71.63333702172469
71.63333702172469
71.63333702172469
71.63333702172469
71.63333702172469
71.63333702172469
71.63333702172469
71.63333702172469
71.63333702172469
71.63333702172469
71.63333702172469
71.63333702172469
71.63333702172469
71.63333702172469
71.63333702172469
71.63333702172469
71.63333702172469
76.18970033286905
76.18970033286905
76.18970033286905
76.18970033286905
76.18970033286905
76.18970033286905
76.18970033286905
76.18970033286905
76.18970033286905
76.18970033286905
76.18970033286905
76.18970033286905
76.18970033286905
76.18970033286905
76.18970033286905
76.18970033286905
76.85099001546936
76.85099001546936
77.42395813447422
77.42395813447422
77.42395813447422
77.42395813447422
77.42395813447422
77.42395813447422
77.42395813447422
77.42395813447422
87.19511015264656
87.19511015264656
87.19511015264656
87.19511015264656
87.19511015264656
87.19511015264656
87.19511015264656
87.19511015264656
87.19511015264656
87.19511015264656
87.19511015264656
87.19511015264656
87.19511015264656
87.19511015264656
87.19511015264656
87.19511015264656
87.19511015264656
87.19511015264656
87.19511015264656
87.19511015264656
87.19511015264656
87.19511015264656
87.19511015264656
87.19511015264656
87.19511015264656
87.19511015264656
87.19511015264656
87.19511015264656
87.19511015264656
87.19511015264656
87.19511015264656
87.19511015264656
87.19511015264656
87.19511015264656
87.19511015264656
87.19511015264656
87.19511015264656
87.19511015264656
87.19511015264656
87.19511015264656
87.19511015264656
87.19511015264656
87.19511015264656
87.19511015264656
87.19511015264656
89.85568027171773
89.85568027171773
89.85568027171773
89.85568027171773
89.85568027171773
89.85568027171773
89.85568027171773
89.85568027171773
89.85568027171773
89.85568027171773
89.85568027171773
89.85568027171773
89.85568027171773
89.85568027171773
89.85568027171773
89.85568027171773
89.85568027171773
89.85568027171773
89.85568027171773
89.85568027171773
89.85568027171773
89.85568027171773
89.85568027171773
89.85568027171773
89.85568027171773
89.85568027171773
89.85568027171773
89.85568027171773
89.85568027171773
89.85568027171773
89.85568027171773
89.85568027171773
89.85568027171773
89.85568027171773
89.85568027171773
89.85568027171773
89.85568027171773
89.85568027171773
89.85568027171773
89.85568027171773
89.85568027171773
89.85568027171773
89.85568027171773
89.85568027171773
89.85568027171773
89.85568027171773
89.85568027171773
89.85568027171773
89.85568027171773
89.85568027171773
89.85568027171773
89.85568027171773
89.85568027171773
89.85568027171773
89.85568027171773
89.85568027171773
89.85568027171773
89.85568027171773
89.85568027171773
89.85568027171773
89.85568027171773
89.85568027171773
89.85568027171773
89.85568027171773
89.85568027171773
89.85568027171773
89.85568027171773
89.85568027171773
89.85568027171773
89.85568027171773
89.85568027171773
89.85568027171773
89.85568027171773
89.85568027171773
89.85568027171773
89.85568027171773
89.85568027171773
89.85568027171773
89.85568027171773
89.85568027171773
89.85568027171773
89.85568027171773
89.85568027171773
89.85568027171773
89.85568027171773
89.85568027171773
89.85568027171773
89.85568027171773
89.85568027171773
89.85568027171773
89.85568027171773
89.85568027171773
89.85568027171773
89.85568027171773
89.85568027171773
89.85568027171773
89.85568027171773
89.85568027171773
89.85568027171773
89.85568027171773
89.85568027171773
89.85568027171773
89.85568027171773
89.85568027171773
89.85568027171773
89.85568027171773
89.85568027171773
89.85568027171773
89.85568027171773
89.85568027171773
89.85568027171773
89.85568027171773
89.85568027171773
89.85568027171773
89.85568027171773
89.85568027171773
89.85568027171773
89.85568027171773
89.85568027171773
89.85568027171773
89.85568027171773
89.85568027171773
89.85568027171773
89.85568027171773
89.85568027171773
89.85568027171773
89.85568027171773
89.85568027171773
89.85568027171773
89.85568027171773
89.85568027171773
89.85568027171773
89.85568027171773
89.85568027171773
89.85568027171773
89.85568027171773
89.85568027171773
89.85568027171773
89.85568027171773
89.85568027171773
89.85568027171773
89.85568027171773
89.85568027171773
89.85568027171773
89.85568027171773
89.85568027171773
89.85568027171773
89.85568027171773
89.85568027171773
2.4049034904953412
8.77332541459879
11.117513277722122
13.217658230510985
13.217658230510985
13.217658230510985
13.217658230510985
34.0690338422906
41.29877488220095
41.29877488220095
41.29877488220095
41.29877488220095
41.29877488220095
41.29877488220095
41.29877488220095
41.29877488220095
41.29877488220095
41.29877488220095
41.29877488220095
41.29877488220095
41.29877488220095
41.29877488220095
41.29877488220095
41.29877488220095
41.29877488220095
41.29877488220095
41.29877488220095
41.29877488220095
41.29877488220095
41.29877488220095
41.29877488220095
41.29877488220095
41.29877488220095
41.29877488220095
41.29877488220095
41.29877488220095
41.29877488220095
41.29877488220095
41.29877488220095
41.29877488220095
41.29877488220095
41.29877488220095
41.29877488220095
41.29877488220095
41.29877488220095
41.29877488220095
41.29877488220095
41.29877488220095
41.29877488220095
52.98101527703368
52.98101527703368
52.98101527703368
52.98101527703368
52.98101527703368
52.98101527703368
52.98101527703368
52.98101527703368
52.98101527703368
52.98101527703368
52.98101527703368
52.98101527703368
52.98101527703368
52.98101527703368
52.98101527703368
52.98101527703368
52.98101527703368
52.98101527703368
52.98101527703368
52.98101527703368
52.98101527703368
52.98101527703368
52.98101527703368
52.98101527703368
52.98101527703368
52.98101527703368
52.98101527703368
52.98101527703368
52.98101527703368
52.98101527703368
52.98101527703368
52.98101527703368
52.98101527703368
52.98101527703368
52.98101527703368
52.98101527703368
52.98101527703368
57.334469978054074
57.334469978054074
57.334469978054074
57.334469978054074
57.334469978054074
57.334469978054074
57.334469978054074
57.334469978054074
57.334469978054074
57.334469978054074
57.334469978054074
57.334469978054074
60.866090247698956
60.866090247698956
60.866090247698956
60.866090247698956
60.866090247698956
60.866090247698956
60.866090247698956
60.866090247698956
60.866090247698956
60.866090247698956
60.866090247698956
60.866090247698956
60.866090247698956
60.866090247698956
60.866090247698956
60.866090247698956
60.866090247698956
60.866090247698956
60.866090247698956
60.866090247698956
60.866090247698956
60.866090247698956
60.866090247698956
60.866090247698956
60.866090247698956
60.866090247698956
60.866090247698956
60.866090247698956
60.866090247698956
60.866090247698956
60.866090247698956
60.866090247698956
60.866090247698956
60.866090247698956
60.866090247698956
60.866090247698956
60.866090247698956
68.21446250945418
68.21446250945418
69.10109760323694
69.10109760323694
69.10109760323694
69.10109760323694
69.10109760323694
69.60180699364088
69.60180699364088
69.60180699364088
69.60180699364088
69.60180699364088
69.60180699364088
69.60180699364088
69.60180699364088
69.60180699364088
69.60180699364088
69.60180699364088
71.42654491766721
71.86749762402818
71.86749762402818
71.86749762402818
71.86749762402818
71.86749762402818
71.86749762402818
71.86749762402818
72.09346907672372
72.09346907672372
72.09346907672372
72.09346907672372
72.09346907672372
72.09346907672372
72.09346907672372
72.09346907672372
72.09346907672372
72.09346907672372
72.09346907672372
72.09346907672372
72.09346907672372
73.25942098772049
73.25942098772049
73.25942098772049
73.25942098772049
73.25942098772049
73.25942098772049
73.25942098772049
73.25942098772049
73.25942098772049
73.25942098772049
73.25942098772049
73.25942098772049
73.25942098772049
73.25942098772049
73.25942098772049
73.25942098772049
73.25942098772049
73.25942098772049
73.25942098772049
73.25942098772049
73.25942098772049
73.25942098772049
73.25942098772049
73.25942098772049
73.25942098772049
73.25942098772049
73.25942098772049
73.25942098772049
73.25942098772049
73.25942098772049
73.25942098772049
73.25942098772049
73.25942098772049
73.25942098772049
73.25942098772049
73.25942098772049
73.25942098772049
73.25942098772049
73.25942098772049
73.25942098772049
73.25942098772049
73.25942098772049
73.25942098772049
73.25942098772049
73.25942098772049
73.25942098772049
73.25942098772049
73.25942098772049
73.25942098772049
73.25942098772049
73.25942098772049
73.25942098772049
73.25942098772049
73.25942098772049
73.25942098772049
73.25942098772049
73.25942098772049
73.25942098772049
73.25942098772049
73.25942098772049
73.25942098772049
73.25942098772049
73.25942098772049
73.25942098772049
73.25942098772049
73.25942098772049
73.25942098772049
73.25942098772049
73.25942098772049
73.25942098772049
73.25942098772049
73.25942098772049
73.25942098772049
73.25942098772049
73.25942098772049
73.25942098772049
73.25942098772049
73.25942098772049
73.25942098772049
73.25942098772049
73.25942098772049
73.25942098772049
73.25942098772049
73.25942098772049
73.25942098772049
73.25942098772049
73.25942098772049
73.25942098772049
73.25942098772049
73.25942098772049
73.25942098772049
73.25942098772049
73.25942098772049
73.25942098772049
73.25942098772049
73.25942098772049
73.25942098772049
73.25942098772049
73.25942098772049
73.25942098772049
73.25942098772049
73.25942098772049
73.25942098772049
73.25942098772049
73.25942098772049
73.25942098772049
73.25942098772049
73.25942098772049
73.25942098772049
73.25942098772049
73.25942098772049
73.25942098772049
73.25942098772049
73.25942098772049
73.25942098772049
73.25942098772049
73.25942098772049
73.25942098772049
73.25942098772049
73.25942098772049
73.25942098772049
73.25942098772049
73.25942098772049
73.25942098772049
73.25942098772049
73.25942098772049
73.25942098772049
73.25942098772049
73.25942098772049
73.42700559902447
73.42700559902447
73.42700559902447
73.42700559902447
73.42700559902447
73.42700559902447
73.42700559902447
73.42700559902447
73.42700559902447
73.42700559902447
74.72140812272957
74.72140812272957
74.72140812272957
74.72140812272957
74.72140812272957
74.72140812272957
74.72140812272957
74.72140812272957
74.72140812272957
74.72140812272957
74.72140812272957
75.34318817485283
75.34318817485283
75.34318817485283
75.34318817485283
75.34318817485283
75.34318817485283
75.34318817485283
75.49688480962014
75.49688480962014
75.49688480962014
75.49688480962014
75.49688480962014
75.49688480962014
75.49688480962014
75.49688480962014
75.49688480962014
75.49688480962014
75.49688480962014
75.49688480962014
75.49688480962014
75.49688480962014
75.49688480962014
75.49688480962014
75.49688480962014
75.49688480962014
75.49688480962014
75.49688480962014
75.49688480962014
75.49688480962014
75.49688480962014
75.49688480962014
75.49688480962014
75.49688480962014
75.49688480962014
75.49688480962014
75.49688480962014
75.49688480962014
75.49688480962014
75.49688480962014
75.49688480962014
76.02166529304353
76.02166529304353
76.02166529304353
76.02166529304353
76.02166529304353
76.02166529304353
76.02166529304353
76.02166529304353
76.02166529304353
76.02166529304353
76.02166529304353
76.02166529304353
76.02166529304353
76.02166529304353
76.02166529304353
76.02166529304353
76.02166529304353
76.02166529304353
76.02166529304353
76.11896164907024
76.11896164907024
76.11896164907024
76.11896164907024
76.11896164907024
76.11896164907024
76.11896164907024
76.11896164907024
76.11896164907024
76.12676598059981
76.12676598059981
76.94947810859075
76.94947810859075
76.94947810859075
76.94947810859075
76.94947810859075
76.94947810859075
76.94947810859075
76.94947810859075
76.94947810859075
76.94947810859075
76.94947810859075
76.94947810859075
76.94947810859075
76.94947810859075
76.94947810859075
76.94947810859075
76.94947810859075
76.94947810859075
76.94947810859075
76.94947810859075
76.94947810859075
76.94947810859075
76.94947810859075
76.94947810859075
76.94947810859075
76.94947810859075
76.94947810859075
76.94947810859075
76.94947810859075
76.94947810859075
76.94947810859075
76.94947810859075
76.94947810859075
76.94947810859075
76.94947810859075
76.94947810859075
76.94947810859075
76.94947810859075
76.94947810859075
76.94947810859075
76.94947810859075
76.94947810859075
76.94947810859075
76.94947810859075
80.2272096423094
80.2272096423094
80.2272096423094
80.2272096423094
80.2272096423094
80.2272096423094
80.2272096423094
80.2272096423094
80.2272096423094
80.2272096423094
80.2272096423094
80.2272096423094
80.2272096423094
82.63836646414197
82.63836646414197
82.63836646414197
82.63836646414197
82.63836646414197
82.63836646414197
82.63836646414197
82.63836646414197
82.63836646414197
82.63836646414197
82.63836646414197
82.63836646414197
82.63836646414197
82.63836646414197
82.63836646414197
82.63836646414197
84.14446857492632
84.14446857492632
84.14446857492632
84.14446857492632
84.14446857492632
84.14446857492632
84.14446857492632
84.14446857492632
84.14446857492632
84.14446857492632
84.14446857492632
84.14446857492632
84.14446857492632
84.14446857492632
84.14446857492632
84.14446857492632
84.14446857492632
84.14446857492632
84.14446857492632
84.14446857492632
84.14446857492632
84.14446857492632
84.14446857492632
84.14446857492632
84.14446857492632
84.14446857492632
84.14446857492632
84.14446857492632
84.14446857492632
84.14446857492632
84.14446857492632
84.14446857492632
84.14446857492632
84.14446857492632
0.005619589804793465
8.311626307415859
8.311626307415859
8.311626307415859
13.029011791300803
25.349351618646562
29.715821701465153
29.715821701465153
29.715821701465153
29.715821701465153
29.715821701465153
29.715821701465153
29.715821701465153
29.715821701465153
32.15912193616915
32.15912193616915
32.15912193616915
32.15912193616915
32.15912193616915
32.15912193616915
32.15912193616915
32.15912193616915
32.15912193616915
32.15912193616915
32.15912193616915
32.15912193616915
32.15912193616915
32.15912193616915
32.15912193616915
32.15912193616915
32.15912193616915
32.15912193616915
32.15912193616915
32.15912193616915
32.15912193616915
32.15912193616915
32.15912193616915
32.15912193616915
32.15912193616915
32.15912193616915
32.15912193616915
32.15912193616915
32.15912193616915
32.15912193616915
32.15912193616915
32.15912193616915
32.15912193616915
34.93768552006187
34.93768552006187
34.93768552006187
34.93768552006187
34.93768552006187
34.93768552006187
34.93768552006187
34.93768552006187
34.93768552006187
34.93768552006187
34.93768552006187
34.93768552006187
34.93768552006187
34.93768552006187
34.93768552006187
34.93768552006187
34.93768552006187
34.93768552006187
34.93768552006187
34.93768552006187
34.93768552006187
34.93768552006187
34.93768552006187
34.93768552006187
34.93768552006187
34.93768552006187
34.93768552006187
34.93768552006187
34.93768552006187
34.93768552006187
34.93768552006187
34.93768552006187
34.93768552006187
34.93768552006187
34.93768552006187
34.93768552006187
34.93768552006187
34.93768552006187
34.93768552006187
34.93768552006187
34.93768552006187
34.93768552006187
34.93768552006187
34.93768552006187
34.93768552006187
34.93768552006187
34.93768552006187
34.93768552006187
34.93768552006187
34.93768552006187
34.93768552006187
34.93768552006187
34.93768552006187
34.93768552006187
34.93768552006187
34.93768552006187
34.93768552006187
34.93768552006187
34.93768552006187
34.93768552006187
34.93768552006187
34.93768552006187
34.93768552006187
34.93768552006187
35.24735474558646
35.24735474558646
35.24735474558646
35.24735474558646
35.24735474558646
35.24735474558646
35.24735474558646
35.24735474558646
35.24735474558646
35.24735474558646
35.24735474558646
35.24735474558646
35.24735474558646
35.24735474558646
35.24735474558646
35.24735474558646
35.24735474558646
35.24735474558646
35.24735474558646
35.24735474558646
35.24735474558646
35.24735474558646
35.24735474558646
35.24735474558646
35.24735474558646
35.24735474558646
35.24735474558646
35.24735474558646
35.24735474558646
35.24735474558646
35.24735474558646
35.24735474558646
35.24735474558646
35.24735474558646
35.24735474558646
35.24735474558646
35.24735474558646
35.24735474558646
35.24735474558646
35.24735474558646
35.24735474558646
35.24735474558646
35.24735474558646
35.24735474558646
35.24735474558646
37.6324690353579
37.6324690353579
37.6324690353579
37.6324690353579
37.6324690353579
37.6324690353579
37.6324690353579
37.6324690353579
37.6324690353579
37.6324690353579
37.6324690353579
37.6324690353579
37.6324690353579
37.6324690353579
37.6324690353579
37.6324690353579
37.6324690353579
37.6324690353579
37.6324690353579
37.6324690353579
37.6324690353579
37.6324690353579
37.6324690353579
37.6324690353579
37.6324690353579
37.6324690353579
37.6324690353579
37.6324690353579
37.6324690353579
37.6324690353579
37.6324690353579
37.6324690353579
37.6324690353579
37.6324690353579
37.6324690353579
37.6324690353579
37.6324690353579
37.6324690353579
37.6324690353579
37.6324690353579
37.6324690353579
37.6324690353579
37.6324690353579
37.6324690353579
37.6324690353579
37.6324690353579
37.6324690353579
37.6324690353579
37.6324690353579
37.6324690353579
37.6324690353579
37.6324690353579
37.6324690353579
37.6324690353579
37.6324690353579
37.6324690353579
37.6324690353579
37.6324690353579
37.6324690353579
37.6324690353579
37.6324690353579
37.6324690353579
37.6324690353579
37.6324690353579
37.6324690353579
37.6324690353579
37.6324690353579
37.6324690353579
37.6324690353579
37.6324690353579
37.6324690353579
37.6324690353579
37.6324690353579
37.6324690353579
37.6324690353579
37.6324690353579
37.6324690353579
37.6324690353579
37.6324690353579
37.6324690353579
37.6324690353579
37.6324690353579
37.6324690353579
37.6324690353579
37.6324690353579
37.6324690353579
37.6324690353579
37.6324690353579
37.6324690353579
37.6324690353579
37.6324690353579
37.6324690353579
37.6324690353579
37.6324690353579
37.6324690353579
37.6324690353579
37.6324690353579
37.6324690353579
37.6324690353579
37.6324690353579
37.6324690353579
37.6324690353579
37.6324690353579
37.6324690353579
37.6324690353579
37.6324690353579
39.99549164898173
39.99549164898173
39.99549164898173
39.99549164898173
39.99549164898173
39.99549164898173
39.99549164898173
39.99549164898173
39.99549164898173
39.99549164898173
39.99549164898173
39.99549164898173
39.99549164898173
39.99549164898173
39.99549164898173
39.99549164898173
39.99549164898173
39.99549164898173
40.30611810825549
46.10709722956935
47.04830752648615
47.04830752648615
47.04830752648615
47.04830752648615
47.04830752648615
47.04830752648615
47.04830752648615
47.04830752648615
47.04830752648615
47.04830752648615
47.04830752648615
47.04830752648615
47.04830752648615
47.04830752648615
47.04830752648615
47.04830752648615
47.04830752648615
47.04830752648615
47.04830752648615
47.04830752648615
47.04830752648615
47.04830752648615
47.04830752648615
47.04830752648615
47.04830752648615
47.04830752648615
47.04830752648615
47.04830752648615
47.04830752648615
47.04830752648615
47.04830752648615
47.04830752648615
47.04830752648615
47.04830752648615
47.04830752648615
47.04830752648615
47.04830752648615
47.04830752648615
47.04830752648615
47.04830752648615
47.04830752648615
47.04830752648615
47.04830752648615
47.04830752648615
47.04830752648615
47.04830752648615
49.758997674536715
49.758997674536715
50.765941698128636
50.765941698128636
51.24862357530529
51.24862357530529
51.24862357530529
51.24862357530529
51.24862357530529
51.24862357530529
51.24862357530529
51.24862357530529
51.24862357530529
51.83329843171934
51.83329843171934
51.83329843171934
51.83329843171934
52.01418618010508
52.01418618010508
52.01418618010508
52.01418618010508
52.01418618010508
52.01418618010508
52.01418618010508
52.24257016674283
52.24257016674283
52.24257016674283
52.24257016674283
52.24257016674283
52.24257016674283
52.24257016674283
52.24257016674283
52.24257016674283
52.24257016674283
52.24257016674283
52.24257016674283
52.24257016674283
52.24257016674283
52.24257016674283
52.24257016674283
52.24257016674283
52.24257016674283
53.44998867795542
53.44998867795542
53.44998867795542
61.78917857048647
61.78917857048647
61.78917857048647
61.78917857048647
61.78917857048647
61.78917857048647
61.78917857048647
61.78917857048647
61.78917857048647
61.78917857048647
61.78917857048647
61.78917857048647
61.78917857048647
61.78917857048647
61.78917857048647
61.78917857048647
61.78917857048647
61.78917857048647
61.78917857048647
61.78917857048647
61.78917857048647
61.78917857048647
61.78917857048647
61.78917857048647
61.78917857048647
61.78917857048647
61.78917857048647
61.78917857048647
61.78917857048647
61.78917857048647
61.78917857048647
61.78917857048647
61.78917857048647
61.78917857048647
61.78917857048647
61.78917857048647
61.78917857048647
61.78917857048647
61.78917857048647
61.78917857048647
61.78917857048647
61.78917857048647
61.78917857048647
61.78917857048647
61.78917857048647
61.89256975067093
61.89256975067093
61.89256975067093
61.89256975067093
61.89256975067093
61.89256975067093
61.89256975067093
61.89256975067093
61.89256975067093
61.89256975067093
61.89256975067093
61.89256975067093
61.89256975067093
61.89256975067093
61.89256975067093
61.89256975067093
61.89256975067093
61.89256975067093
61.89256975067093
61.89256975067093
61.89256975067093
61.89256975067093
61.89256975067093
61.89256975067093
61.89256975067093
61.89256975067093
61.89256975067093
61.89256975067093
61.89256975067093
61.89256975067093
61.89256975067093
61.89256975067093
61.89256975067093
61.89256975067093
61.89256975067093
61.89256975067093
61.89256975067093
61.89256975067093
61.89256975067093
61.89256975067093
61.89256975067093
61.89256975067093
61.89256975067093
61.89256975067093
61.89256975067093
61.89256975067093
61.89256975067093
61.89256975067093
61.89256975067093
61.89256975067093
61.89256975067093
61.89256975067093
61.89256975067093
61.89256975067093
61.89256975067093
61.89256975067093
61.89256975067093
61.89256975067093
61.89256975067093
61.89256975067093
61.89256975067093
61.89256975067093
61.89256975067093
61.89256975067093
61.89256975067093
61.89256975067093
61.89256975067093
61.89256975067093
61.89256975067093
61.89256975067093
61.89256975067093
61.89256975067093
61.89256975067093
61.89256975067093
61.89256975067093
61.89256975067093
61.89256975067093
61.89256975067093
61.89256975067093
61.89256975067093
61.89256975067093
61.89256975067093
61.89256975067093
4.490952817221346
4.490952817221346
12.589905212208262
22.443004576446516
22.443004576446516
22.443004576446516
22.443004576446516
22.443004576446516
22.443004576446516
22.443004576446516
22.443004576446516
22.443004576446516
30.104138357981746
30.104138357981746
30.104138357981746
33.97051500922724
33.97051500922724
33.97051500922724
33.97051500922724
33.97051500922724
33.97051500922724
33.97051500922724
33.97051500922724
33.97051500922724
33.97051500922724
33.97051500922724
33.97051500922724
33.97051500922724
33.97051500922724
33.97051500922724
33.97051500922724
33.97051500922724
33.97051500922724
33.97051500922724
33.97051500922724
33.97051500922724
33.97051500922724
33.97051500922724
33.97051500922724
33.97051500922724
33.97051500922724
33.97051500922724
33.97051500922724
33.97051500922724
33.97051500922724
33.97051500922724
33.97051500922724
33.97051500922724
33.97051500922724
33.97051500922724
33.97051500922724
33.97051500922724
37.1905213497962
37.1905213497962
37.1905213497962
37.1905213497962
37.1905213497962
37.1905213497962
37.1905213497962
37.1905213497962
37.1905213497962
37.1905213497962
37.1905213497962
37.1905213497962
37.1905213497962
37.1905213497962
37.1905213497962
37.1905213497962
37.1905213497962
37.1905213497962
37.1905213497962
37.1905213497962
37.1905213497962
37.1905213497962
37.1905213497962
37.1905213497962
37.1905213497962
37.1905213497962
37.1905213497962
37.1905213497962
37.1905213497962
37.1905213497962
37.1905213497962
37.1905213497962
37.1905213497962
37.1905213497962
37.1905213497962
37.1905213497962
37.1905213497962
37.1905213497962
46.09223533213374
46.09223533213374
46.09223533213374
46.09223533213374
46.09223533213374
46.09223533213374
46.09223533213374
46.09223533213374
46.09223533213374
46.09223533213374
46.09223533213374
46.09223533213374
46.09223533213374
46.09223533213374
46.09223533213374
46.09223533213374
46.09223533213374
46.09223533213374
46.09223533213374
46.09223533213374
46.09223533213374
46.09223533213374
46.09223533213374
46.09223533213374
46.09223533213374
46.09223533213374
46.09223533213374
46.09223533213374
46.09223533213374
46.09223533213374
46.09223533213374
46.09223533213374
46.09223533213374
46.09223533213374
46.09223533213374
46.09223533213374
46.09223533213374
46.09223533213374
46.09223533213374
46.09223533213374
46.09223533213374
46.09223533213374
46.09223533213374
46.09223533213374
47.6524003310761
47.6524003310761
47.6524003310761
47.6524003310761
53.046331282488396
53.046331282488396
53.046331282488396
53.046331282488396
53.046331282488396
53.046331282488396
53.046331282488396
53.046331282488396
53.046331282488396
53.046331282488396
53.046331282488396
53.046331282488396
53.046331282488396
53.046331282488396
53.046331282488396
53.046331282488396
53.046331282488396
53.046331282488396
53.046331282488396
53.046331282488396
53.046331282488396
53.046331282488396
53.046331282488396
53.046331282488396
53.046331282488396
53.046331282488396
53.046331282488396
53.046331282488396
53.046331282488396
53.046331282488396
53.046331282488396
53.046331282488396
53.046331282488396
53.046331282488396
53.046331282488396
53.046331282488396
53.046331282488396
60.070203091892594
60.070203091892594
60.070203091892594
60.070203091892594
60.070203091892594
61.963205826817486
61.963205826817486
61.963205826817486
61.963205826817486
61.963205826817486
61.963205826817486
61.963205826817486
61.963205826817486
61.963205826817486
61.963205826817486
61.963205826817486
61.963205826817486
61.963205826817486
61.963205826817486
61.963205826817486
61.963205826817486
63.45709096520671
63.45709096520671
63.45709096520671
67.07305112227317
67.07305112227317
67.07305112227317
67.07305112227317
67.07305112227317
67.07305112227317
67.41084771924494
67.41084771924494
67.41084771924494
67.41084771924494
67.41084771924494
67.41084771924494
67.41084771924494
67.41084771924494
67.41084771924494
67.41084771924494
67.41084771924494
67.41084771924494
67.41084771924494
67.41084771924494
67.41084771924494
67.41084771924494
67.41084771924494
67.41084771924494
67.41084771924494
67.41084771924494
67.41084771924494
67.41084771924494
67.41084771924494
67.41084771924494
67.41084771924494
67.41084771924494
67.41084771924494
67.41084771924494
67.41084771924494
67.41084771924494
67.41084771924494
67.41084771924494
67.41084771924494
78.26467985260982
78.26467985260982
78.26467985260982
79.09905709464455
79.09905709464455
79.09905709464455
79.09905709464455
79.09905709464455
79.09905709464455
79.09905709464455
79.09905709464455
79.76530067980057
79.76530067980057
79.76530067980057
79.76530067980057
79.76530067980057
80.26740442199977
80.26740442199977
80.26740442199977
80.26740442199977
80.26740442199977
80.26740442199977
80.26740442199977
80.26740442199977
80.26740442199977
80.26740442199977
80.26740442199977
80.26740442199977
80.26740442199977
80.26740442199977
81.07939044804802
81.07939044804802
81.07939044804802
81.07939044804802
81.07939044804802
81.07939044804802
81.07939044804802
81.07939044804802
81.07939044804802
81.07939044804802
81.07939044804802
81.07939044804802
81.07939044804802
81.07939044804802
81.07939044804802
81.07939044804802
81.07939044804802
81.07939044804802
81.07939044804802
81.07939044804802
81.95748224652682
81.95748224652682
81.95748224652682
81.95748224652682
89.40405961375846
89.40405961375846
89.40405961375846
89.40405961375846
93.90844379374639
93.90844379374639
93.90844379374639
93.90844379374639
93.90844379374639
93.90844379374639
93.90844379374639
93.90844379374639
93.90844379374639
93.90844379374639
93.90844379374639
93.90844379374639
93.90844379374639
93.90844379374639
93.90844379374639
93.90844379374639
93.90844379374639
93.90844379374639
93.90844379374639
93.90844379374639
93.90844379374639
93.90844379374639
93.90844379374639
93.90844379374639
93.90844379374639
93.90844379374639
93.90844379374639
93.90844379374639
93.90844379374639
93.90844379374639
93.90844379374639
93.90844379374639
93.90844379374639
93.90844379374639
93.90844379374639
93.90844379374639
93.90844379374639
93.90844379374639
97.57056509999077
97.57056509999077
97.57056509999077
97.57056509999077
97.57056509999077
97.57056509999077
97.57056509999077
97.57056509999077
97.57056509999077
97.57056509999077
97.57056509999077
97.57056509999077
97.57056509999077
97.57056509999077
97.57056509999077
97.57056509999077
97.57056509999077
97.57056509999077
97.57056509999077
97.57056509999077
97.57056509999077
97.57056509999077
97.57056509999077
97.57056509999077
97.57056509999077
97.57056509999077
97.57056509999077
97.57056509999077
97.57056509999077
97.57056509999077
97.57056509999077
97.57056509999077
97.57056509999077
97.57056509999077
99.61284728659847
99.61284728659847
99.61284728659847
99.61284728659847
99.61284728659847
99.61284728659847
99.61284728659847
99.61284728659847
99.61284728659847
99.61284728659847
99.61284728659847
99.86935231908944
99.86935231908944
99.86935231908944
99.86935231908944
99.86935231908944
99.86935231908944
99.86935231908944
99.86935231908944
99.86935231908944
99.86935231908944
99.86935231908944
99.86935231908944
99.86935231908944
99.86935231908944
99.86935231908944
99.86935231908944
99.86935231908944
99.86935231908944
99.86935231908944
99.86935231908944
99.86935231908944
99.86935231908944
99.86935231908944
99.86935231908944
99.86935231908944
99.86935231908944
101.36735540779162
101.36735540779162
101.36735540779162
101.36735540779162
101.36735540779162
101.36735540779162
101.36735540779162
101.36735540779162
101.36735540779162
101.36735540779162
103.8829776347117
103.8829776347117
103.8829776347117
103.8829776347117
103.8829776347117
103.8829776347117
103.8829776347117
103.8829776347117
104.81214232479505
104.81214232479505
104.81214232479505
104.81214232479505
104.81214232479505
104.81214232479505
104.81214232479505
104.81214232479505
104.81214232479505
104.81214232479505
104.81214232479505
104.81214232479505
104.81214232479505
104.81214232479505
104.81214232479505
104.81214232479505
104.81214232479505
104.81214232479505
104.81214232479505
104.81214232479505
104.81214232479505
104.81214232479505
104.81214232479505
104.81214232479505
104.81214232479505
104.81214232479505
104.81214232479505
104.81214232479505
104.81214232479505
104.81214232479505
104.81214232479505
104.81214232479505
104.81214232479505
104.81214232479505
104.81214232479505
104.81214232479505
104.81214232479505
104.81214232479505
104.81214232479505
104.81214232479505
104.81214232479505
104.81214232479505
104.81214232479505
104.81214232479505
104.81214232479505
104.81214232479505
104.81214232479505
104.81214232479505
104.81214232479505
104.81214232479505
104.81214232479505
104.81214232479505
104.81214232479505
104.81214232479505
104.81214232479505
104.81214232479505
104.81214232479505
104.81214232479505
104.81214232479505
104.81214232479505
104.81214232479505
104.81214232479505
104.81214232479505
104.81214232479505
104.81214232479505
104.81214232479505
104.81214232479505
104.81214232479505
104.81214232479505
104.81214232479505
104.81214232479505
104.81214232479505
104.81214232479505
104.81214232479505
104.81214232479505
104.81214232479505
104.81214232479505
104.81214232479505
