0.08032171387907314
0.12261332367509191
0.12261332367509191
0.4621628286320762
0.4621628286320762
1.6341523157742999
4.231386179321273
19.71702957776585
19.71702957776585
19.71702957776585
19.71702957776585
19.71702957776585
19.71702957776585
19.71702957776585
19.79599033231155
19.79599033231155
19.79599033231155
20.65167422336593
20.65167422336593
20.65167422336593
20.65167422336593
20.65167422336593
20.65167422336593
20.65167422336593
20.65167422336593
20.65167422336593
20.65167422336593
20.65167422336593
20.65167422336593
20.65167422336593
20.65167422336593
20.65167422336593
20.65167422336593
20.65167422336593
20.65167422336593
20.65167422336593
20.65167422336593
20.65167422336593
20.65167422336593
20.65167422336593
20.65167422336593
20.65167422336593
20.65167422336593
21.145331110508486
21.145331110508486
21.145331110508486
21.145331110508486
21.145331110508486
21.145331110508486
21.145331110508486
21.145331110508486
