2.4613473569655655
23.76959821209301
23.76959821209301
23.76959821209301
23.76959821209301
23.76959821209301
23.76959821209301
23.76959821209301
23.76959821209301
35.64994191723725
35.64994191723725
35.64994191723725
35.64994191723725
35.64994191723725
35.64994191723725
35.64994191723725
35.64994191723725
35.64994191723725
35.64994191723725
35.64994191723725
35.64994191723725
35.64994191723725
35.64994191723725
35.64994191723725
35.64994191723725
35.64994191723725
35.64994191723725
35.64994191723725
35.64994191723725
35.64994191723725
35.64994191723725
35.64994191723725
35.64994191723725
35.64994191723725
35.83206968781576
35.83206968781576
35.83206968781576
35.83206968781576
35.83206968781576
35.83206968781576
35.83206968781576
35.83206968781576
35.83206968781576
35.83206968781576
35.83206968781576
35.83206968781576
35.83206968781576
39.495352471464344
39.495352471464344
39.495352471464344
39.495352471464344
39.495352471464344
39.495352471464344
39.495352471464344
39.495352471464344
42.20231249283621
42.20231249283621
42.20231249283621
42.20231249283621
42.20231249283621
42.20231249283621
43.56085710283823
43.56085710283823
43.56085710283823
43.56085710283823
43.56085710283823
43.56085710283823
43.56085710283823
43.56085710283823
43.56085710283823
43.56085710283823
43.56085710283823
43.56085710283823
43.56085710283823
43.56085710283823
43.56085710283823
43.56085710283823
43.56085710283823
43.56085710283823
43.56085710283823
43.56085710283823
43.56085710283823
43.56085710283823
43.56085710283823
43.56085710283823
43.56085710283823
43.56085710283823
43.56085710283823
43.56085710283823
43.56085710283823
43.56085710283823
43.56085710283823
43.56085710283823
43.56085710283823
43.56085710283823
43.56085710283823
43.56085710283823
43.56085710283823
43.56085710283823
43.56085710283823
43.56085710283823
43.56085710283823
43.56085710283823
43.56085710283823
43.56085710283823
43.56085710283823
43.56085710283823
43.56085710283823
43.56085710283823
43.56085710283823
43.56085710283823
43.56085710283823
43.56085710283823
43.56085710283823
43.56085710283823
43.56085710283823
43.56085710283823
43.56085710283823
43.56085710283823
43.56085710283823
43.56085710283823
43.56085710283823
43.56085710283823
43.56085710283823
43.56085710283823
43.56085710283823
43.56085710283823
43.56085710283823
43.56085710283823
43.56085710283823
43.56085710283823
43.56085710283823
43.56085710283823
43.56085710283823
43.56085710283823
43.56085710283823
47.479414876184194
47.479414876184194
47.479414876184194
47.479414876184194
47.479414876184194
47.479414876184194
47.479414876184194
47.479414876184194
47.479414876184194
47.479414876184194
47.479414876184194
47.479414876184194
47.479414876184194
55.59174580605237
55.59174580605237
55.59174580605237
55.59174580605237
55.59174580605237
55.59174580605237
55.59174580605237
55.59174580605237
55.59174580605237
55.59174580605237
55.59174580605237
55.683765657608966
55.683765657608966
55.683765657608966
55.683765657608966
55.683765657608966
55.683765657608966
55.683765657608966
55.683765657608966
55.683765657608966
55.683765657608966
55.683765657608966
55.683765657608966
55.683765657608966
55.683765657608966
55.683765657608966
55.683765657608966
55.683765657608966
55.683765657608966
55.683765657608966
55.683765657608966
55.683765657608966
55.683765657608966
55.683765657608966
55.683765657608966
55.683765657608966
60.55834138865958
60.55834138865958
60.55834138865958
60.55834138865958
60.55834138865958
60.55834138865958
60.55834138865958
60.55834138865958
60.55834138865958
60.55834138865958
60.55834138865958
60.55834138865958
60.55834138865958
60.55834138865958
60.55834138865958
60.55834138865958
60.55834138865958
60.55834138865958
60.55834138865958
60.55834138865958
60.55834138865958
60.55834138865958
60.55834138865958
60.55834138865958
60.55834138865958
60.55834138865958
60.55834138865958
60.55834138865958
60.55834138865958
60.55834138865958
60.55834138865958
60.55834138865958
60.55834138865958
60.55834138865958
60.55834138865958
60.55834138865958
60.55834138865958
60.55834138865958
60.55834138865958
60.55834138865958
60.55834138865958
60.55834138865958
60.55834138865958
60.55834138865958
60.55834138865958
60.55834138865958
60.55834138865958
60.55834138865958
60.55834138865958
60.55834138865958
60.55834138865958
60.55834138865958
60.55834138865958
60.55834138865958
60.55834138865958
60.55834138865958
60.55834138865958
60.55834138865958
60.55834138865958
60.55834138865958
60.55834138865958
60.55834138865958
60.55834138865958
60.55834138865958
60.55834138865958
60.55834138865958
60.55834138865958
60.55834138865958
60.55834138865958
60.55834138865958
60.55834138865958
60.55834138865958
60.55834138865958
60.55834138865958
60.55834138865958
60.55834138865958
60.55834138865958
60.55834138865958
60.55834138865958
60.55834138865958
60.55834138865958
60.55834138865958
60.55834138865958
60.55834138865958
60.55834138865958
60.55834138865958
60.55834138865958
60.55834138865958
60.55834138865958
60.55834138865958
60.55834138865958
60.55834138865958
60.55834138865958
60.55834138865958
60.55834138865958
60.55834138865958
60.55834138865958
60.55834138865958
60.55834138865958
60.55834138865958
60.55834138865958
60.55834138865958
60.55834138865958
60.55834138865958
60.55834138865958
60.55834138865958
60.55834138865958
60.55834138865958
60.55834138865958
60.55834138865958
60.55834138865958
60.55834138865958
60.55834138865958
60.55834138865958
60.55834138865958
60.55834138865958
60.55834138865958
60.55834138865958
60.55834138865958
60.55834138865958
60.55834138865958
60.55834138865958
60.55834138865958
60.55834138865958
60.55834138865958
60.55834138865958
60.55834138865958
60.55834138865958
60.55834138865958
60.55834138865958
60.55834138865958
60.55834138865958
60.55834138865958
60.55834138865958
60.55834138865958
60.55834138865958
60.55834138865958
60.55834138865958
60.55834138865958
60.55834138865958
60.55834138865958
60.55834138865958
60.55834138865958
60.55834138865958
60.55834138865958
60.55834138865958
60.55834138865958
60.55834138865958
60.55834138865958
60.55834138865958
60.55834138865958
60.55834138865958
60.55834138865958
60.55834138865958
60.55834138865958
60.55834138865958
60.55834138865958
60.55834138865958
60.55834138865958
60.55834138865958
60.55834138865958
60.55834138865958
60.55834138865958
60.55834138865958
60.55834138865958
60.55834138865958
60.55834138865958
60.55834138865958
60.55834138865958
60.55834138865958
60.55834138865958
60.55834138865958
60.55834138865958
60.55834138865958
60.55834138865958
60.55834138865958
60.55834138865958
60.55834138865958
60.55834138865958
60.55834138865958
60.55834138865958
60.55834138865958
60.55834138865958
60.55834138865958
60.55834138865958
60.55834138865958
60.55834138865958
60.55834138865958
60.55834138865958
60.55834138865958
60.55834138865958
60.55834138865958
60.55834138865958
60.55834138865958
60.55834138865958
60.55834138865958
60.55834138865958
60.55834138865958
60.55834138865958
60.55834138865958
60.55834138865958
60.55834138865958
60.55834138865958
60.55834138865958
60.55834138865958
60.55834138865958
60.55834138865958
60.55834138865958
60.55834138865958
60.55834138865958
60.55834138865958
60.55834138865958
60.55834138865958
60.55834138865958
60.55834138865958
60.55834138865958
60.55834138865958
60.55834138865958
60.55834138865958
60.55834138865958
60.55834138865958
60.55834138865958
60.55834138865958
60.55834138865958
60.55834138865958
60.55834138865958
60.55834138865958
60.55834138865958
60.55834138865958
60.55834138865958
60.55834138865958
60.55834138865958
60.55834138865958
60.55834138865958
60.55834138865958
60.55834138865958
60.55834138865958
60.55834138865958
60.55834138865958
60.55834138865958
60.55834138865958
60.55834138865958
60.55834138865958
60.55834138865958
60.55834138865958
60.55834138865958
60.55834138865958
60.55834138865958
60.55834138865958
60.55834138865958
60.55834138865958
60.55834138865958
60.55834138865958
60.55834138865958
60.55834138865958
60.55834138865958
60.55834138865958
60.55834138865958
60.55834138865958
60.55834138865958
60.55834138865958
60.55834138865958
60.55834138865958
60.55834138865958
60.55834138865958
60.55834138865958
60.55834138865958
60.55834138865958
60.55834138865958
60.55834138865958
60.55834138865958
60.55834138865958
60.55834138865958
60.55834138865958
60.55834138865958
60.55834138865958
60.55834138865958
60.55834138865958
60.55834138865958
60.55834138865958
60.55834138865958
60.55834138865958
60.55834138865958
60.55834138865958
60.55834138865958
60.55834138865958
60.55834138865958
60.55834138865958
60.55834138865958
60.55834138865958
60.55834138865958
60.55834138865958
60.55834138865958
60.55834138865958
60.55834138865958
60.55834138865958
60.55834138865958
60.55834138865958
60.55834138865958
60.55834138865958
60.55834138865958
60.55834138865958
60.55834138865958
60.55834138865958
60.55834138865958
60.55834138865958
60.55834138865958
60.55834138865958
60.55834138865958
60.55834138865958
60.9666540108165
60.9666540108165
60.9666540108165
60.9666540108165
60.9666540108165
60.9666540108165
15.761568181450565
15.761568181450565
31.042256952338686
31.042256952338686
31.042256952338686
31.042256952338686
31.042256952338686
31.042256952338686
31.042256952338686
31.042256952338686
31.042256952338686
31.042256952338686
56.80636862240533
56.80636862240533
56.80636862240533
56.80636862240533
56.80636862240533
56.80636862240533
56.80636862240533
56.80636862240533
67.26494198596762
67.26494198596762
67.26494198596762
67.26494198596762
67.26494198596762
67.26494198596762
67.26494198596762
68.55094836948759
68.55094836948759
68.55094836948759
68.55094836948759
68.55094836948759
68.55094836948759
68.55094836948759
68.55094836948759
68.55094836948759
68.55094836948759
68.55094836948759
68.55094836948759
68.55094836948759
68.55094836948759
68.55094836948759
68.55094836948759
68.55094836948759
68.55094836948759
68.55094836948759
68.55094836948759
68.55094836948759
68.55094836948759
68.55094836948759
68.55094836948759
68.55094836948759
68.55094836948759
68.55094836948759
68.55094836948759
68.55094836948759
68.55094836948759
68.55094836948759
68.55094836948759
68.55094836948759
68.55094836948759
68.55094836948759
68.55094836948759
68.55094836948759
68.55094836948759
68.55094836948759
68.55094836948759
68.55094836948759
68.55094836948759
68.55094836948759
68.55094836948759
68.55094836948759
68.55094836948759
68.55094836948759
68.55094836948759
68.55094836948759
68.55094836948759
68.55094836948759
68.55094836948759
68.55094836948759
68.55094836948759
68.55094836948759
68.55094836948759
68.55094836948759
68.55094836948759
68.55094836948759
68.55094836948759
68.55094836948759
68.55094836948759
68.55094836948759
68.55094836948759
68.55094836948759
68.55094836948759
68.55094836948759
68.55094836948759
68.55094836948759
68.55094836948759
68.55094836948759
68.55094836948759
68.55094836948759
68.55094836948759
68.55094836948759
68.55094836948759
68.55094836948759
68.55094836948759
68.70564185274024
69.78020480690142
69.78020480690142
69.78020480690142
69.78020480690142
69.78020480690142
69.78020480690142
69.78020480690142
69.78020480690142
69.82031325649766
69.82031325649766
69.82031325649766
69.82031325649766
69.82031325649766
70.83339223376586
70.83339223376586
70.83339223376586
70.83339223376586
70.83339223376586
70.83339223376586
70.83339223376586
70.83339223376586
70.83339223376586
70.83339223376586
70.83339223376586
70.83339223376586
70.83339223376586
70.83339223376586
70.83339223376586
70.83339223376586
70.83339223376586
70.83339223376586
70.83339223376586
70.83339223376586
70.83339223376586
70.83339223376586
70.83339223376586
70.83339223376586
70.83339223376586
70.83339223376586
70.83339223376586
70.83339223376586
70.83339223376586
70.83339223376586
70.83339223376586
71.86312303777797
71.86312303777797
71.86312303777797
71.86312303777797
71.86312303777797
71.86312303777797
71.86312303777797
71.86312303777797
71.86312303777797
72.87645644155303
72.87645644155303
73.20161345819305
76.55758389275374
76.55758389275374
76.55758389275374
76.55758389275374
76.55758389275374
76.55758389275374
76.55758389275374
76.55758389275374
76.55758389275374
76.55758389275374
76.55758389275374
76.55758389275374
76.55758389275374
76.55758389275374
76.55758389275374
76.55758389275374
76.55758389275374
76.55758389275374
76.55758389275374
76.55758389275374
76.55758389275374
76.55758389275374
76.55758389275374
76.55758389275374
76.55758389275374
76.55758389275374
76.55758389275374
76.55758389275374
76.55758389275374
76.55758389275374
76.55758389275374
76.55758389275374
76.55758389275374
76.55758389275374
76.55758389275374
76.55758389275374
76.55758389275374
77.86577177019286
77.86577177019286
77.86577177019286
77.86577177019286
77.86577177019286
77.86577177019286
77.86577177019286
77.86577177019286
77.86577177019286
78.11241324688184
78.34372620056503
78.34372620056503
78.34372620056503
78.34372620056503
78.34372620056503
78.34372620056503
78.34372620056503
78.34372620056503
78.34372620056503
78.34372620056503
78.34372620056503
78.34372620056503
78.34372620056503
78.34372620056503
78.34372620056503
78.34372620056503
78.34372620056503
78.34372620056503
78.34372620056503
78.34372620056503
79.53283038138864
79.53283038138864
79.53283038138864
79.53283038138864
79.53283038138864
79.53283038138864
79.53283038138864
79.53283038138864
79.53283038138864
79.53283038138864
79.53283038138864
79.53283038138864
79.53283038138864
79.53283038138864
79.53283038138864
79.53283038138864
79.53283038138864
79.53283038138864
79.53283038138864
79.53283038138864
79.53283038138864
79.53283038138864
79.53283038138864
79.53283038138864
79.53283038138864
79.7920634762171
79.7920634762171
79.7920634762171
79.7920634762171
79.7920634762171
79.7920634762171
79.7920634762171
79.7920634762171
79.7920634762171
79.7920634762171
79.7920634762171
79.7920634762171
79.7920634762171
79.7920634762171
79.7920634762171
79.7920634762171
79.7920634762171
79.7920634762171
79.7920634762171
79.7920634762171
79.7920634762171
79.7920634762171
79.7920634762171
79.7920634762171
79.7920634762171
79.7920634762171
79.7920634762171
79.7920634762171
79.7920634762171
79.7920634762171
79.7920634762171
79.7920634762171
79.7920634762171
79.7920634762171
79.7920634762171
79.7920634762171
79.7920634762171
79.7920634762171
80.88128035832239
80.88128035832239
80.88128035832239
80.88128035832239
80.88128035832239
80.88128035832239
80.88128035832239
80.88128035832239
80.88128035832239
80.88128035832239
80.88128035832239
80.88128035832239
80.88128035832239
80.88128035832239
80.88128035832239
80.88128035832239
80.88128035832239
80.88128035832239
80.88128035832239
80.88128035832239
80.88128035832239
80.88128035832239
80.88128035832239
80.88128035832239
80.88128035832239
80.88128035832239
80.88128035832239
80.88128035832239
80.88128035832239
80.88128035832239
80.88128035832239
80.88128035832239
80.88128035832239
80.88128035832239
80.88128035832239
80.88128035832239
80.88128035832239
80.88128035832239
80.88128035832239
80.88128035832239
80.88128035832239
80.88128035832239
80.88128035832239
80.88128035832239
80.88128035832239
80.88128035832239
80.88128035832239
80.88128035832239
80.88128035832239
80.88128035832239
80.88128035832239
80.88128035832239
80.88128035832239
80.88128035832239
80.88128035832239
80.88128035832239
80.88128035832239
80.88128035832239
80.88128035832239
80.88128035832239
80.88128035832239
80.88128035832239
80.88128035832239
80.88128035832239
80.88128035832239
80.88128035832239
80.88128035832239
80.88128035832239
80.88128035832239
80.88128035832239
80.88128035832239
80.88128035832239
80.88128035832239
80.88128035832239
80.88128035832239
80.88128035832239
80.88128035832239
80.88128035832239
80.88128035832239
80.88128035832239
80.88128035832239
80.88128035832239
80.88128035832239
80.88128035832239
80.88128035832239
80.88128035832239
80.88128035832239
80.88128035832239
80.88128035832239
80.88128035832239
80.88128035832239
80.88128035832239
80.88128035832239
80.88128035832239
80.88128035832239
80.88128035832239
80.88128035832239
80.88128035832239
80.88128035832239
80.88128035832239
80.88128035832239
80.88128035832239
80.88128035832239
80.88128035832239
80.88128035832239
80.88128035832239
80.88128035832239
80.88128035832239
80.88128035832239
80.88128035832239
80.88128035832239
80.88128035832239
80.88128035832239
80.88128035832239
80.88128035832239
80.88128035832239
80.88128035832239
80.88128035832239
80.88128035832239
80.88128035832239
80.88128035832239
80.88128035832239
80.88128035832239
80.88128035832239
80.88128035832239
80.88128035832239
80.88128035832239
80.88128035832239
80.88128035832239
80.88128035832239
80.88128035832239
80.88128035832239
80.88128035832239
80.88128035832239
80.88128035832239
80.88128035832239
80.88128035832239
80.88128035832239
80.88128035832239
80.88128035832239
80.88128035832239
80.88128035832239
80.88128035832239
80.88128035832239
80.88128035832239
80.88128035832239
80.88128035832239
80.88128035832239
80.88128035832239
80.88128035832239
80.88128035832239
80.88128035832239
80.88128035832239
80.88128035832239
80.88128035832239
80.88128035832239
80.88128035832239
80.88128035832239
80.88128035832239
80.88128035832239
80.88128035832239
80.88128035832239
80.88128035832239
80.88128035832239
80.88128035832239
80.88128035832239
80.88128035832239
80.88128035832239
80.88128035832239
80.88128035832239
80.88128035832239
80.88128035832239
80.88128035832239
80.88128035832239
80.88128035832239
80.88128035832239
80.88128035832239
80.88128035832239
80.88128035832239
80.88128035832239
80.88128035832239
80.88128035832239
80.88128035832239
80.88128035832239
80.88128035832239
80.88128035832239
80.88128035832239
80.88128035832239
80.88128035832239
80.88128035832239
80.88128035832239
80.88128035832239
80.88128035832239
80.88128035832239
80.88128035832239
80.88128035832239
80.88128035832239
80.88128035832239
80.88128035832239
80.88128035832239
80.88128035832239
80.88128035832239
80.88128035832239
80.88128035832239
80.88128035832239
80.88128035832239
80.88128035832239
80.88128035832239
80.88128035832239
33.23668758490822
33.23668758490822
33.23668758490822
33.23668758490822
33.23668758490822
33.23668758490822
33.23668758490822
33.62258559356291
33.62258559356291
33.62258559356291
33.62258559356291
33.62258559356291
33.62258559356291
33.62258559356291
33.62258559356291
33.62258559356291
33.62258559356291
33.62258559356291
33.62258559356291
33.62258559356291
33.62258559356291
33.62258559356291
33.62258559356291
33.62258559356291
33.62258559356291
33.62258559356291
33.62258559356291
34.18713773507473
34.18713773507473
34.18713773507473
34.18713773507473
34.18713773507473
34.18713773507473
35.076197947136365
35.076197947136365
35.076197947136365
35.076197947136365
35.076197947136365
35.076197947136365
35.076197947136365
35.076197947136365
35.076197947136365
35.076197947136365
35.076197947136365
35.10156553410322
35.51862725902188
35.51862725902188
35.51862725902188
35.51862725902188
35.51862725902188
35.51862725902188
35.51862725902188
35.51862725902188
35.51862725902188
35.51862725902188
35.51862725902188
35.51862725902188
35.51862725902188
35.51862725902188
35.51862725902188
36.29205242120827
36.29205242120827
36.29205242120827
36.29205242120827
36.29205242120827
40.979128850565175
40.979128850565175
40.979128850565175
40.979128850565175
40.979128850565175
40.979128850565175
40.979128850565175
40.979128850565175
40.979128850565175
40.979128850565175
40.979128850565175
50.43076073168226
50.43076073168226
50.43076073168226
50.43076073168226
50.43076073168226
50.43076073168226
50.43076073168226
50.43076073168226
50.43076073168226
50.43076073168226
50.43076073168226
50.43076073168226
50.43076073168226
50.43076073168226
50.43076073168226
50.43076073168226
50.43076073168226
50.43076073168226
50.43076073168226
50.43076073168226
50.43076073168226
50.43076073168226
50.43076073168226
50.43076073168226
50.43076073168226
50.43076073168226
50.43076073168226
50.43076073168226
50.43076073168226
50.43076073168226
50.43076073168226
50.43076073168226
50.43076073168226
50.43076073168226
50.43076073168226
50.43076073168226
50.43076073168226
50.43076073168226
50.43076073168226
50.43076073168226
50.43076073168226
50.43076073168226
50.43076073168226
50.43076073168226
50.43076073168226
50.43076073168226
50.43076073168226
50.43076073168226
50.43076073168226
50.43076073168226
50.43076073168226
50.43076073168226
50.43076073168226
50.43076073168226
50.43076073168226
50.43076073168226
50.43076073168226
50.43076073168226
50.43076073168226
50.43076073168226
50.43076073168226
50.43076073168226
50.43076073168226
50.43076073168226
50.43076073168226
50.43076073168226
50.43076073168226
50.43076073168226
50.43076073168226
50.43076073168226
50.43076073168226
50.43076073168226
50.43076073168226
50.43076073168226
50.43076073168226
50.43076073168226
50.43076073168226
50.43076073168226
50.43076073168226
50.43076073168226
50.43076073168226
50.43076073168226
50.43076073168226
50.43076073168226
50.43076073168226
51.359612224891286
51.44363585870398
51.44363585870398
51.44363585870398
51.44363585870398
51.44363585870398
51.44363585870398
52.04520264683542
52.04520264683542
52.78222902150823
52.78222902150823
52.78222902150823
52.78222902150823
52.78222902150823
52.78222902150823
52.78222902150823
52.78222902150823
52.78222902150823
52.78222902150823
52.78222902150823
52.78222902150823
52.78222902150823
52.78222902150823
53.46804105756149
53.46804105756149
53.46804105756149
53.46804105756149
53.46804105756149
53.46804105756149
53.46804105756149
53.46804105756149
53.46804105756149
53.46804105756149
53.46804105756149
53.46804105756149
53.46804105756149
53.46804105756149
53.46804105756149
53.46804105756149
53.46804105756149
53.46804105756149
53.46804105756149
53.46804105756149
53.46804105756149
53.46804105756149
53.46804105756149
53.46804105756149
53.46804105756149
53.46804105756149
53.46804105756149
53.46804105756149
53.46804105756149
53.46804105756149
53.46804105756149
53.46804105756149
53.46804105756149
53.46804105756149
53.46804105756149
53.46804105756149
53.46804105756149
53.46804105756149
53.46804105756149
53.46804105756149
53.46804105756149
53.46804105756149
53.46804105756149
53.46804105756149
53.46804105756149
53.46804105756149
53.46804105756149
53.46804105756149
53.46804105756149
53.46804105756149
53.46804105756149
53.46804105756149
53.46804105756149
53.46804105756149
53.46804105756149
53.46804105756149
53.46804105756149
53.46804105756149
53.46804105756149
53.46804105756149
53.46804105756149
53.46804105756149
53.46804105756149
53.46804105756149
53.46804105756149
53.46804105756149
53.46804105756149
53.46804105756149
53.46804105756149
53.46804105756149
53.46804105756149
53.46804105756149
53.46804105756149
53.46804105756149
53.46804105756149
53.46804105756149
53.46804105756149
53.46804105756149
53.46804105756149
53.46804105756149
53.46804105756149
53.46804105756149
53.46804105756149
53.46804105756149
53.46804105756149
53.46804105756149
53.46804105756149
53.46804105756149
53.46804105756149
53.46804105756149
53.46804105756149
53.46804105756149
53.46804105756149
53.46804105756149
53.46804105756149
53.46804105756149
53.46804105756149
53.46804105756149
53.46804105756149
53.46804105756149
53.46804105756149
53.46804105756149
53.46804105756149
53.46804105756149
53.46804105756149
53.46804105756149
53.46804105756149
53.46804105756149
53.46804105756149
53.46804105756149
53.46804105756149
53.46804105756149
53.46804105756149
53.46804105756149
53.46804105756149
53.46804105756149
53.46804105756149
53.46804105756149
53.46804105756149
53.46804105756149
53.46804105756149
53.46804105756149
53.46804105756149
53.46804105756149
53.46804105756149
53.46804105756149
53.46804105756149
53.46804105756149
53.46804105756149
53.46804105756149
53.46804105756149
53.46804105756149
53.46804105756149
53.46804105756149
53.46804105756149
53.46804105756149
53.46804105756149
53.46804105756149
53.46804105756149
53.46804105756149
53.46804105756149
53.46804105756149
53.46804105756149
53.46804105756149
53.46804105756149
53.46804105756149
53.46804105756149
53.46804105756149
53.46804105756149
53.46804105756149
53.46804105756149
53.46804105756149
53.46804105756149
53.46804105756149
53.46804105756149
53.46804105756149
53.46804105756149
53.46804105756149
53.46804105756149
53.46804105756149
53.46804105756149
53.46804105756149
53.46804105756149
53.46804105756149
53.46804105756149
53.46804105756149
53.46804105756149
53.46804105756149
53.46804105756149
53.46804105756149
53.46804105756149
53.46804105756149
53.46804105756149
53.46804105756149
53.46804105756149
53.46804105756149
53.46804105756149
53.46804105756149
53.46804105756149
53.46804105756149
53.46804105756149
53.46804105756149
53.46804105756149
53.46804105756149
53.46804105756149
53.46804105756149
53.46804105756149
53.46804105756149
53.46804105756149
53.46804105756149
53.46804105756149
53.46804105756149
53.46804105756149
53.46804105756149
53.46804105756149
53.46804105756149
53.46804105756149
53.46804105756149
53.46804105756149
53.46804105756149
53.46804105756149
53.46804105756149
53.46804105756149
53.46804105756149
58.37046647770468
58.37046647770468
58.37046647770468
58.37046647770468
58.37046647770468
58.37046647770468
58.37046647770468
58.37046647770468
58.37046647770468
61.816399979570264
61.816399979570264
65.24033058152628
65.24033058152628
65.24033058152628
65.24033058152628
65.24033058152628
65.24033058152628
65.24033058152628
65.24033058152628
65.24033058152628
65.24033058152628
65.24033058152628
65.24033058152628
65.24033058152628
65.24033058152628
65.24033058152628
65.24033058152628
65.24033058152628
65.24033058152628
65.24033058152628
65.24033058152628
65.24033058152628
65.24033058152628
65.24033058152628
65.24033058152628
65.24033058152628
65.24033058152628
65.24033058152628
65.24033058152628
65.24033058152628
65.24033058152628
65.24033058152628
65.24033058152628
65.24033058152628
65.24033058152628
65.24033058152628
65.24033058152628
65.24033058152628
65.24033058152628
65.24033058152628
65.24033058152628
65.24033058152628
65.24033058152628
65.24033058152628
65.24033058152628
65.24033058152628
65.24033058152628
65.24033058152628
65.24033058152628
65.24033058152628
65.24033058152628
65.24033058152628
65.24033058152628
65.24033058152628
65.24033058152628
65.24033058152628
65.24033058152628
65.24033058152628
65.24033058152628
65.24033058152628
65.24033058152628
65.24033058152628
65.24033058152628
65.24033058152628
65.24033058152628
65.24033058152628
65.24033058152628
65.24033058152628
65.24033058152628
65.24033058152628
65.24033058152628
65.24033058152628
65.24033058152628
65.24033058152628
65.24033058152628
65.24033058152628
65.24033058152628
65.24033058152628
65.24033058152628
65.24033058152628
65.24033058152628
65.24033058152628
65.24033058152628
65.24033058152628
65.24033058152628
65.24033058152628
65.24033058152628
65.24033058152628
65.24033058152628
65.24033058152628
65.24033058152628
65.24033058152628
65.24033058152628
65.24033058152628
65.24033058152628
65.24033058152628
65.24033058152628
65.24033058152628
65.24033058152628
65.24033058152628
65.24033058152628
65.24033058152628
65.24033058152628
12.532635011283217
12.532635011283217
12.532635011283217
12.532635011283217
12.532635011283217
12.532635011283217
14.701241616632926
14.701241616632926
18.18936863127345
18.18936863127345
19.80308504759952
19.80308504759952
19.80308504759952
19.80308504759952
19.80308504759952
19.80308504759952
30.569573640865514
30.569573640865514
30.569573640865514
30.569573640865514
30.569573640865514
30.569573640865514
30.569573640865514
30.569573640865514
30.569573640865514
30.569573640865514
30.569573640865514
30.569573640865514
30.569573640865514
30.569573640865514
30.569573640865514
30.569573640865514
32.59023794765241
32.59023794765241
32.59023794765241
32.59023794765241
32.885746666176146
32.885746666176146
32.885746666176146
32.885746666176146
32.885746666176146
32.885746666176146
32.885746666176146
32.885746666176146
32.885746666176146
32.885746666176146
32.885746666176146
32.885746666176146
32.885746666176146
32.885746666176146
32.885746666176146
32.885746666176146
32.885746666176146
32.885746666176146
32.885746666176146
32.885746666176146
32.885746666176146
32.885746666176146
32.885746666176146
32.885746666176146
32.885746666176146
32.885746666176146
33.64522410297501
33.64522410297501
33.64522410297501
33.64522410297501
33.64522410297501
33.64522410297501
35.60886252261224
35.60886252261224
35.60886252261224
35.60886252261224
35.60886252261224
35.60886252261224
35.60886252261224
35.60886252261224
36.18906650377016
38.36153668436793
42.3073143999881
42.3073143999881
42.3073143999881
42.3073143999881
42.3073143999881
42.3073143999881
42.3073143999881
42.3073143999881
42.3073143999881
42.3073143999881
42.3073143999881
42.3073143999881
42.3073143999881
42.3073143999881
42.3073143999881
42.3073143999881
42.3073143999881
42.3073143999881
42.3073143999881
42.3073143999881
42.3073143999881
42.3073143999881
42.3073143999881
42.3073143999881
42.3073143999881
42.3073143999881
42.3073143999881
42.3073143999881
42.3073143999881
42.3073143999881
42.3073143999881
42.3073143999881
42.3073143999881
42.3073143999881
42.3073143999881
42.3073143999881
42.3073143999881
42.3073143999881
42.3073143999881
42.3073143999881
42.3073143999881
42.3073143999881
42.3073143999881
42.3073143999881
42.3073143999881
42.3073143999881
42.3073143999881
42.3073143999881
42.3073143999881
42.3073143999881
42.3073143999881
42.3073143999881
42.3073143999881
42.3073143999881
42.3073143999881
42.3073143999881
42.3073143999881
42.3073143999881
42.3073143999881
42.3073143999881
42.3073143999881
42.3073143999881
42.3073143999881
42.3073143999881
42.3073143999881
42.3073143999881
42.3073143999881
42.3073143999881
42.3073143999881
42.3073143999881
42.3073143999881
42.3073143999881
42.3073143999881
42.3073143999881
42.3073143999881
42.3073143999881
42.3073143999881
42.3073143999881
42.3073143999881
42.3073143999881
42.3073143999881
42.3073143999881
42.3073143999881
42.3073143999881
42.3073143999881
42.3073143999881
42.3073143999881
42.3073143999881
42.3073143999881
42.3073143999881
42.3073143999881
42.3073143999881
42.3073143999881
42.3073143999881
42.3073143999881
42.3073143999881
45.561249410307724
45.561249410307724
45.561249410307724
45.561249410307724
45.561249410307724
45.561249410307724
45.561249410307724
45.561249410307724
45.561249410307724
45.561249410307724
45.561249410307724
45.561249410307724
45.561249410307724
45.561249410307724
45.561249410307724
45.561249410307724
45.561249410307724
45.561249410307724
45.561249410307724
45.561249410307724
45.561249410307724
45.561249410307724
45.561249410307724
45.561249410307724
45.561249410307724
45.561249410307724
45.561249410307724
45.561249410307724
45.561249410307724
45.561249410307724
45.561249410307724
45.561249410307724
45.561249410307724
45.561249410307724
45.561249410307724
45.561249410307724
45.561249410307724
45.561249410307724
45.561249410307724
45.561249410307724
45.561249410307724
45.561249410307724
45.561249410307724
45.561249410307724
45.561249410307724
45.561249410307724
45.561249410307724
45.561249410307724
45.76194580628158
45.76194580628158
45.76194580628158
45.76194580628158
45.76194580628158
45.76194580628158
45.76194580628158
45.76194580628158
45.76194580628158
45.76194580628158
48.42434208178834
48.42434208178834
48.42434208178834
48.42434208178834
48.42434208178834
49.85530034619379
53.118254502996564
53.118254502996564
53.118254502996564
53.118254502996564
53.118254502996564
53.118254502996564
53.118254502996564
53.118254502996564
53.118254502996564
53.118254502996564
53.118254502996564
53.118254502996564
53.118254502996564
53.118254502996564
53.118254502996564
53.118254502996564
53.118254502996564
53.118254502996564
53.118254502996564
53.118254502996564
53.118254502996564
53.118254502996564
55.111408086468586
55.111408086468586
55.111408086468586
55.111408086468586
55.111408086468586
56.17118371963551
56.17118371963551
56.17118371963551
56.17118371963551
56.17118371963551
56.17118371963551
56.17118371963551
58.099644457681876
58.099644457681876
58.099644457681876
58.099644457681876
58.099644457681876
58.099644457681876
58.099644457681876
58.099644457681876
58.099644457681876
58.099644457681876
58.099644457681876
58.099644457681876
58.099644457681876
58.099644457681876
58.099644457681876
58.099644457681876
58.099644457681876
58.099644457681876
58.099644457681876
58.099644457681876
58.099644457681876
58.099644457681876
58.099644457681876
58.099644457681876
58.099644457681876
66.7065917936296
66.7065917936296
66.7065917936296
66.7065917936296
66.7065917936296
66.7065917936296
66.7065917936296
66.7065917936296
66.7065917936296
66.7065917936296
66.7065917936296
66.7065917936296
66.7065917936296
66.7065917936296
66.7065917936296
66.7065917936296
66.7065917936296
66.7065917936296
66.7065917936296
66.7065917936296
66.7065917936296
66.7065917936296
66.7065917936296
66.7065917936296
66.7065917936296
67.63804365647272
67.63804365647272
67.63804365647272
67.63804365647272
67.63804365647272
67.63804365647272
67.63804365647272
67.63804365647272
67.63804365647272
67.63804365647272
67.63804365647272
67.63804365647272
67.63804365647272
67.63804365647272
67.63804365647272
67.63804365647272
67.63804365647272
67.63804365647272
67.63804365647272
67.63804365647272
67.63804365647272
67.63804365647272
67.63804365647272
67.63804365647272
67.63804365647272
67.63804365647272
67.63804365647272
67.63804365647272
67.63804365647272
67.63804365647272
67.63804365647272
67.63804365647272
67.63804365647272
67.63804365647272
67.63804365647272
67.63804365647272
67.63804365647272
67.63804365647272
67.63804365647272
69.82340638632672
69.82340638632672
69.82340638632672
69.82340638632672
69.82340638632672
69.82340638632672
69.82340638632672
69.82340638632672
69.82340638632672
69.82340638632672
69.82340638632672
69.82340638632672
69.82340638632672
69.82340638632672
69.82340638632672
69.82340638632672
69.82340638632672
69.82340638632672
69.82340638632672
69.82340638632672
69.82340638632672
69.82340638632672
69.82340638632672
69.82340638632672
69.82340638632672
69.82340638632672
69.82340638632672
69.82340638632672
69.82340638632672
69.82340638632672
69.82340638632672
69.82340638632672
69.82340638632672
69.82340638632672
69.82340638632672
69.82340638632672
69.82340638632672
69.82340638632672
69.82340638632672
69.82340638632672
69.82340638632672
69.82340638632672
69.82340638632672
69.82340638632672
69.82340638632672
69.82340638632672
69.82340638632672
69.82340638632672
69.82340638632672
69.82340638632672
69.82340638632672
69.82340638632672
69.82340638632672
69.82340638632672
69.82340638632672
69.82340638632672
69.82340638632672
69.82340638632672
69.82340638632672
69.82340638632672
69.82340638632672
69.82340638632672
69.82340638632672
69.82340638632672
69.82340638632672
69.82340638632672
69.82340638632672
69.82340638632672
69.82340638632672
69.82340638632672
69.82340638632672
69.82340638632672
69.82340638632672
69.82340638632672
69.82340638632672
69.82340638632672
69.82340638632672
69.82340638632672
69.82340638632672
69.82340638632672
69.82340638632672
69.82340638632672
69.82340638632672
69.82340638632672
69.82340638632672
69.82340638632672
69.82340638632672
69.82340638632672
69.82340638632672
69.82340638632672
69.82340638632672
69.82340638632672
69.82340638632672
69.82340638632672
69.82340638632672
69.82340638632672
69.82340638632672
69.82340638632672
69.82340638632672
69.82340638632672
69.82340638632672
69.82340638632672
69.82340638632672
69.82340638632672
69.82340638632672
69.82340638632672
69.82340638632672
69.82340638632672
69.82340638632672
69.82340638632672
69.82340638632672
69.82340638632672
69.82340638632672
69.82340638632672
69.82340638632672
69.82340638632672
69.82340638632672
69.82340638632672
69.82340638632672
69.82340638632672
69.82340638632672
69.82340638632672
69.82340638632672
69.82340638632672
69.82340638632672
69.82340638632672
69.82340638632672
69.82340638632672
69.82340638632672
69.82340638632672
69.82340638632672
69.82340638632672
69.82340638632672
69.82340638632672
69.82340638632672
69.82340638632672
69.82340638632672
69.82340638632672
69.82340638632672
69.82340638632672
13.11261647894918
13.11261647894918
14.574504271523095
14.574504271523095
14.574504271523095
23.929615212415094
23.929615212415094
23.929615212415094
23.929615212415094
23.929615212415094
23.929615212415094
23.929615212415094
23.929615212415094
23.929615212415094
32.98749206328954
32.98749206328954
32.98749206328954
32.98749206328954
32.98749206328954
32.98749206328954
32.98749206328954
36.157458429842166
36.157458429842166
37.860145389220165
37.860145389220165
37.860145389220165
37.860145389220165
37.860145389220165
37.860145389220165
37.860145389220165
37.860145389220165
37.860145389220165
37.860145389220165
50.29804386247804
50.29804386247804
50.29804386247804
50.29804386247804
50.29804386247804
50.29804386247804
50.29804386247804
50.29804386247804
50.29804386247804
50.29804386247804
50.29804386247804
50.29804386247804
50.29804386247804
50.29804386247804
50.29804386247804
50.29804386247804
50.29804386247804
50.29804386247804
50.29804386247804
50.29804386247804
50.29804386247804
50.29804386247804
50.29804386247804
50.29804386247804
50.29804386247804
50.29804386247804
50.29804386247804
50.29804386247804
50.29804386247804
50.29804386247804
50.29804386247804
50.29804386247804
50.29804386247804
50.29804386247804
50.29804386247804
50.29804386247804
50.29804386247804
50.29804386247804
50.29804386247804
50.29804386247804
50.29804386247804
50.29804386247804
50.29804386247804
50.29804386247804
50.29804386247804
50.29804386247804
50.29804386247804
50.29804386247804
50.29804386247804
50.29804386247804
50.29804386247804
50.29804386247804
50.29804386247804
50.29804386247804
50.29804386247804
50.29804386247804
50.29804386247804
50.29804386247804
50.29804386247804
50.29804386247804
50.29804386247804
50.29804386247804
50.29804386247804
50.29804386247804
50.29804386247804
50.29804386247804
50.29804386247804
50.29804386247804
50.29804386247804
50.29804386247804
50.29804386247804
50.29804386247804
50.29804386247804
50.29804386247804
50.29804386247804
50.29804386247804
50.29804386247804
50.29804386247804
50.29804386247804
50.29804386247804
50.29804386247804
50.29804386247804
50.29804386247804
50.29804386247804
50.29804386247804
50.29804386247804
50.29804386247804
50.29804386247804
50.29804386247804
50.29804386247804
50.29804386247804
50.29804386247804
50.29804386247804
50.29804386247804
50.29804386247804
50.29804386247804
50.29804386247804
50.29804386247804
50.29804386247804
50.29804386247804
50.29804386247804
50.29804386247804
50.29804386247804
50.29804386247804
50.29804386247804
50.29804386247804
50.29804386247804
50.29804386247804
50.29804386247804
50.29804386247804
50.29804386247804
50.29804386247804
50.29804386247804
50.29804386247804
50.29804386247804
50.29804386247804
50.29804386247804
50.29804386247804
50.29804386247804
50.29804386247804
50.29804386247804
50.29804386247804
50.29804386247804
50.29804386247804
50.29804386247804
50.29804386247804
50.29804386247804
50.29804386247804
50.29804386247804
50.29804386247804
50.29804386247804
50.29804386247804
50.29804386247804
50.29804386247804
50.29804386247804
50.29804386247804
50.29804386247804
50.29804386247804
50.29804386247804
50.29804386247804
50.29804386247804
50.29804386247804
50.29804386247804
50.29804386247804
50.29804386247804
50.29804386247804
50.29804386247804
50.29804386247804
50.29804386247804
50.29804386247804
50.29804386247804
50.29804386247804
50.29804386247804
50.29804386247804
50.29804386247804
50.29804386247804
50.29804386247804
50.29804386247804
50.29804386247804
50.29804386247804
50.29804386247804
50.29804386247804
50.29804386247804
50.29804386247804
50.29804386247804
50.29804386247804
50.29804386247804
50.29804386247804
50.29804386247804
57.55342894044777
57.55342894044777
57.55342894044777
57.55342894044777
57.55342894044777
57.55342894044777
57.55342894044777
57.55342894044777
57.55342894044777
57.55342894044777
57.55342894044777
57.55342894044777
57.55342894044777
57.55342894044777
57.55342894044777
57.55342894044777
57.55342894044777
57.55342894044777
57.55342894044777
57.55342894044777
57.55342894044777
57.55342894044777
57.55342894044777
57.55342894044777
57.55342894044777
57.55342894044777
57.55342894044777
57.55342894044777
57.55342894044777
57.55342894044777
57.55342894044777
57.55342894044777
57.55342894044777
57.55342894044777
57.55342894044777
57.55342894044777
57.55342894044777
57.55342894044777
57.55342894044777
57.55342894044777
57.55342894044777
57.55342894044777
57.55342894044777
57.55342894044777
57.55342894044777
57.55342894044777
57.55342894044777
57.55342894044777
57.55342894044777
57.55342894044777
57.55342894044777
57.55342894044777
57.55342894044777
57.55342894044777
57.55342894044777
57.55342894044777
57.55342894044777
57.55342894044777
57.55342894044777
57.55342894044777
57.55342894044777
57.55342894044777
57.55342894044777
57.55342894044777
57.55342894044777
57.55342894044777
57.55342894044777
57.55342894044777
57.55342894044777
57.55342894044777
57.55342894044777
57.55342894044777
57.55342894044777
57.55342894044777
57.55342894044777
57.55342894044777
57.55342894044777
57.55342894044777
57.55342894044777
57.55342894044777
57.55342894044777
57.55342894044777
57.55342894044777
57.55342894044777
57.55342894044777
57.55342894044777
57.55342894044777
57.55342894044777
57.55342894044777
57.55342894044777
59.07251142761042
59.07251142761042
59.07251142761042
59.07251142761042
59.07251142761042
59.07251142761042
59.07251142761042
59.07251142761042
59.07251142761042
59.07251142761042
59.07251142761042
59.07251142761042
59.07251142761042
59.07251142761042
59.07251142761042
59.07251142761042
59.07251142761042
59.07251142761042
59.07251142761042
59.07251142761042
59.07251142761042
59.07251142761042
59.07251142761042
59.07251142761042
59.07251142761042
59.07251142761042
59.07251142761042
59.07251142761042
59.07251142761042
59.07251142761042
59.07251142761042
59.07251142761042
59.07251142761042
59.07251142761042
59.07251142761042
59.07251142761042
59.07251142761042
59.07251142761042
59.07251142761042
59.07251142761042
59.07251142761042
59.07251142761042
59.07251142761042
59.07251142761042
59.07251142761042
59.07251142761042
59.07251142761042
59.07251142761042
59.07251142761042
59.07251142761042
59.07251142761042
59.07251142761042
59.07251142761042
59.07251142761042
59.07251142761042
59.07251142761042
59.07251142761042
59.07251142761042
59.07251142761042
59.07251142761042
59.07251142761042
59.07251142761042
63.89115827928884
63.89115827928884
63.89115827928884
63.89115827928884
64.86192455063532
64.86192455063532
69.07793207089944
69.07793207089944
69.07793207089944
69.07793207089944
69.07793207089944
69.07793207089944
69.07793207089944
69.07793207089944
69.07793207089944
69.07793207089944
75.10196560051672
75.10196560051672
75.10196560051672
75.10196560051672
75.10196560051672
75.10196560051672
75.10196560051672
75.10196560051672
75.10196560051672
75.10196560051672
75.10196560051672
75.10196560051672
75.10196560051672
75.10196560051672
75.10196560051672
75.10196560051672
75.10196560051672
75.10196560051672
75.10196560051672
75.10196560051672
75.10196560051672
75.10196560051672
75.10196560051672
75.10196560051672
75.10196560051672
75.10196560051672
75.10196560051672
75.10196560051672
75.10196560051672
75.10196560051672
75.10196560051672
75.10196560051672
75.10196560051672
75.10196560051672
75.10196560051672
75.10196560051672
75.10196560051672
75.10196560051672
75.10196560051672
75.10196560051672
75.10196560051672
75.10196560051672
75.10196560051672
75.10196560051672
75.10196560051672
75.10196560051672
75.10196560051672
75.10196560051672
75.10196560051672
75.10196560051672
75.10196560051672
75.10196560051672
75.10196560051672
75.10196560051672
75.10196560051672
75.10196560051672
75.10196560051672
75.10196560051672
75.10196560051672
75.10196560051672
75.10196560051672
75.10196560051672
76.07927768340863
76.07927768340863
76.07927768340863
76.07927768340863
76.07927768340863
76.07927768340863
76.07927768340863
76.07927768340863
76.07927768340863
76.07927768340863
76.07927768340863
76.07927768340863
76.07927768340863
76.07927768340863
76.07927768340863
76.07927768340863
76.07927768340863
76.07927768340863
76.07927768340863
76.07927768340863
76.07927768340863
76.07927768340863
76.07927768340863
76.07927768340863
76.07927768340863
76.07927768340863
76.07927768340863
76.07927768340863
76.07927768340863
76.07927768340863
76.07927768340863
76.07927768340863
76.07927768340863
76.07927768340863
76.07927768340863
76.07927768340863
76.07927768340863
76.07927768340863
76.07927768340863
76.07927768340863
76.07927768340863
76.07927768340863
76.07927768340863
76.07927768340863
76.07927768340863
76.07927768340863
76.07927768340863
76.07927768340863
76.07927768340863
76.07927768340863
76.07927768340863
76.07927768340863
76.07927768340863
76.07927768340863
76.07927768340863
76.07927768340863
76.07927768340863
76.07927768340863
76.07927768340863
76.07927768340863
76.07927768340863
76.07927768340863
76.07927768340863
76.07927768340863
76.07927768340863
76.07927768340863
76.07927768340863
76.07927768340863
76.07927768340863
