18.160318173669594
18.160318173669594
42.030174381693264
42.030174381693264
42.030174381693264
42.030174381693264
42.030174381693264
42.030174381693264
42.030174381693264
54.70482527411733
54.70482527411733
54.70482527411733
64.18244401248279
64.18244401248279
64.18244401248279
64.18244401248279
64.18244401248279
64.18244401248279
64.18244401248279
64.18244401248279
64.18244401248279
64.18244401248279
64.18244401248279
70.08937642723214
70.08937642723214
70.08937642723214
70.08937642723214
70.08937642723214
70.08937642723214
70.08937642723214
70.08937642723214
70.08937642723214
70.08937642723214
70.08937642723214
70.08937642723214
70.08937642723214
70.08937642723214
70.08937642723214
70.08937642723214
70.08937642723214
70.08937642723214
70.08937642723214
70.08937642723214
70.08937642723214
70.08937642723214
70.08937642723214
70.08937642723214
70.08937642723214
70.08937642723214
70.08937642723214
70.08937642723214
70.08937642723214
70.08937642723214
70.08937642723214
70.08937642723214
70.08937642723214
70.08937642723214
70.08937642723214
70.08937642723214
70.08937642723214
70.08937642723214
70.08937642723214
70.08937642723214
70.08937642723214
70.08937642723214
70.08937642723214
70.08937642723214
70.08937642723214
70.08937642723214
70.08937642723214
70.08937642723214
70.08937642723214
70.08937642723214
70.08937642723214
70.08937642723214
70.08937642723214
70.08937642723214
70.08937642723214
70.08937642723214
70.08937642723214
70.08937642723214
70.08937642723214
70.08937642723214
70.08937642723214
70.08937642723214
70.08937642723214
70.08937642723214
70.08937642723214
70.08937642723214
70.08937642723214
70.08937642723214
70.08937642723214
70.08937642723214
70.08937642723214
70.08937642723214
70.08937642723214
70.08937642723214
70.08937642723214
74.66284776454972
74.66284776454972
74.66284776454972
74.66284776454972
74.66284776454972
74.66284776454972
74.66284776454972
74.66284776454972
74.66284776454972
74.66284776454972
74.66284776454972
74.66284776454972
74.66284776454972
74.66284776454972
74.66284776454972
74.66284776454972
74.66284776454972
74.66284776454972
74.66284776454972
74.66284776454972
74.66284776454972
74.66284776454972
74.66284776454972
74.66284776454972
74.66284776454972
74.66284776454972
74.66284776454972
74.66284776454972
74.66284776454972
74.66284776454972
74.66284776454972
74.66284776454972
74.66284776454972
74.66284776454972
74.66284776454972
74.66284776454972
74.66284776454972
74.66284776454972
74.66284776454972
74.66284776454972
74.66284776454972
74.66284776454972
74.66284776454972
74.66284776454972
74.66284776454972
74.66284776454972
74.66284776454972
74.66284776454972
74.66284776454972
74.66284776454972
74.66284776454972
74.66284776454972
74.66284776454972
74.66284776454972
74.66284776454972
74.66284776454972
74.66284776454972
74.66284776454972
74.66284776454972
74.66284776454972
74.66284776454972
74.66284776454972
74.66284776454972
74.66284776454972
74.66284776454972
74.66284776454972
74.66284776454972
74.66284776454972
74.66284776454972
74.66284776454972
74.66284776454972
74.66284776454972
74.66284776454972
74.66284776454972
74.66284776454972
74.66284776454972
74.66284776454972
74.66284776454972
74.66284776454972
74.66284776454972
74.66284776454972
74.66284776454972
74.66284776454972
74.66284776454972
74.66284776454972
74.66284776454972
74.66284776454972
74.66284776454972
74.66284776454972
74.66284776454972
74.66284776454972
74.66284776454972
74.66284776454972
74.66284776454972
74.66284776454972
74.66284776454972
74.66284776454972
74.66284776454972
74.66284776454972
74.66284776454972
74.66284776454972
74.66284776454972
74.66284776454972
74.66284776454972
74.66284776454972
74.66284776454972
74.66284776454972
74.66284776454972
74.66284776454972
74.66284776454972
74.66284776454972
74.66284776454972
74.66284776454972
74.66284776454972
74.66284776454972
74.66284776454972
74.66284776454972
74.66284776454972
74.66284776454972
74.66284776454972
74.66284776454972
74.66284776454972
74.66284776454972
74.66284776454972
74.66284776454972
74.66284776454972
74.66284776454972
74.66284776454972
74.66284776454972
74.66284776454972
74.66284776454972
74.66284776454972
74.66284776454972
74.66284776454972
74.66284776454972
74.66284776454972
74.66284776454972
74.66284776454972
74.66284776454972
74.66284776454972
74.66284776454972
74.66284776454972
74.66284776454972
74.66284776454972
74.66284776454972
74.66284776454972
74.66284776454972
74.66284776454972
74.66284776454972
74.66284776454972
74.66284776454972
74.66284776454972
74.66284776454972
74.66284776454972
74.66284776454972
74.66284776454972
74.66284776454972
74.66284776454972
74.66284776454972
74.66284776454972
74.66284776454972
74.66284776454972
74.66284776454972
74.66284776454972
74.66284776454972
74.66284776454972
74.66284776454972
75.03793151192816
75.03793151192816
75.03793151192816
75.03793151192816
75.03793151192816
75.03793151192816
75.03793151192816
75.03793151192816
75.03793151192816
75.03793151192816
75.03793151192816
75.03793151192816
75.03793151192816
75.03793151192816
75.03793151192816
75.03793151192816
75.03793151192816
75.03793151192816
75.03793151192816
75.03793151192816
75.03793151192816
75.03793151192816
75.03793151192816
75.03793151192816
75.03793151192816
75.03793151192816
75.03793151192816
75.03793151192816
75.03793151192816
75.03793151192816
75.03793151192816
75.03793151192816
75.03793151192816
75.03793151192816
75.03793151192816
75.03793151192816
75.03793151192816
75.03793151192816
75.03793151192816
75.03793151192816
75.03793151192816
75.03793151192816
75.03793151192816
75.03793151192816
75.03793151192816
75.03793151192816
75.03793151192816
75.03793151192816
75.03793151192816
75.03793151192816
75.03793151192816
75.03793151192816
75.03793151192816
75.03793151192816
75.03793151192816
75.03793151192816
75.03793151192816
75.03793151192816
75.03793151192816
75.03793151192816
75.03793151192816
75.03793151192816
75.03793151192816
75.03793151192816
75.03793151192816
75.03793151192816
75.03793151192816
75.03793151192816
75.03793151192816
75.03793151192816
75.03793151192816
75.03793151192816
75.03793151192816
75.03793151192816
75.03793151192816
75.03793151192816
75.03793151192816
75.03793151192816
75.03793151192816
75.03793151192816
75.03793151192816
75.03793151192816
75.03793151192816
75.03793151192816
75.03793151192816
75.03793151192816
75.03793151192816
75.03793151192816
75.03793151192816
75.03793151192816
75.03793151192816
75.03793151192816
75.03793151192816
75.03793151192816
75.03793151192816
75.03793151192816
75.03793151192816
75.03793151192816
75.03793151192816
75.03793151192816
75.03793151192816
75.03793151192816
75.03793151192816
75.03793151192816
75.03793151192816
75.03793151192816
75.03793151192816
75.03793151192816
75.03793151192816
75.03793151192816
75.03793151192816
75.03793151192816
75.03793151192816
75.03793151192816
75.03793151192816
75.03793151192816
75.03793151192816
75.03793151192816
75.03793151192816
75.03793151192816
75.03793151192816
75.03793151192816
75.03793151192816
75.03793151192816
75.03793151192816
75.03793151192816
75.03793151192816
75.03793151192816
75.03793151192816
75.03793151192816
75.03793151192816
75.03793151192816
75.03793151192816
75.03793151192816
75.03793151192816
75.03793151192816
75.03793151192816
75.03793151192816
75.03793151192816
75.03793151192816
75.03793151192816
75.03793151192816
75.03793151192816
75.03793151192816
75.03793151192816
75.03793151192816
75.03793151192816
75.03793151192816
75.30361386153281
75.30361386153281
75.30361386153281
75.30361386153281
75.30361386153281
75.30361386153281
75.30361386153281
75.30361386153281
75.30361386153281
75.30361386153281
75.30361386153281
75.30361386153281
75.30361386153281
75.30361386153281
75.30361386153281
75.30361386153281
75.30361386153281
75.30361386153281
75.30361386153281
75.30361386153281
75.30361386153281
75.30361386153281
75.30361386153281
75.30361386153281
75.30361386153281
75.30361386153281
75.30361386153281
75.30361386153281
75.30361386153281
75.30361386153281
75.30361386153281
75.30361386153281
75.30361386153281
75.30361386153281
75.30361386153281
75.30361386153281
75.30361386153281
75.30361386153281
79.37046837570145
79.37046837570145
79.37046837570145
79.37046837570145
79.37046837570145
79.37046837570145
79.37046837570145
79.37046837570145
79.37046837570145
79.37046837570145
79.37046837570145
79.37046837570145
79.37046837570145
79.37046837570145
79.37046837570145
79.37046837570145
79.37046837570145
79.37046837570145
79.37046837570145
79.37046837570145
79.37046837570145
79.37046837570145
79.37046837570145
79.37046837570145
79.37046837570145
79.37046837570145
79.37046837570145
79.37046837570145
79.37046837570145
79.37046837570145
79.37046837570145
79.37046837570145
79.37046837570145
79.37046837570145
79.37046837570145
79.37046837570145
79.37046837570145
79.37046837570145
79.37046837570145
79.37046837570145
79.37046837570145
79.37046837570145
79.37046837570145
79.37046837570145
79.37046837570145
79.37046837570145
79.37046837570145
79.37046837570145
79.37046837570145
79.37046837570145
2.460227060559119
7.339329864145931
13.368625727337145
14.645323163506347
22.08881168384051
22.08881168384051
29.222541781681915
30.328037104411713
30.328037104411713
30.328037104411713
30.328037104411713
30.328037104411713
30.328037104411713
30.328037104411713
30.328037104411713
41.05788347287692
41.05788347287692
41.05788347287692
41.05788347287692
41.05788347287692
41.05788347287692
41.05788347287692
41.05788347287692
41.05788347287692
41.05788347287692
41.05788347287692
41.05788347287692
41.05788347287692
41.05788347287692
41.05788347287692
41.05788347287692
41.05788347287692
41.05788347287692
41.05788347287692
41.05788347287692
41.05788347287692
41.05788347287692
41.05788347287692
41.05788347287692
41.33662901129774
45.673364970793884
45.72890038354516
45.72890038354516
45.72890038354516
45.72890038354516
45.72890038354516
45.72890038354516
45.72890038354516
45.72890038354516
45.72890038354516
45.72890038354516
45.72890038354516
45.72890038354516
45.72890038354516
45.72890038354516
45.72890038354516
45.72890038354516
45.72890038354516
45.72890038354516
45.72890038354516
45.72890038354516
46.418553339932146
46.418553339932146
46.418553339932146
48.59774387574821
48.59774387574821
48.59774387574821
48.59774387574821
48.59774387574821
50.34367145757612
50.34367145757612
50.34367145757612
50.34367145757612
50.34367145757612
50.34367145757612
50.34367145757612
50.34367145757612
50.34367145757612
50.34367145757612
50.34367145757612
50.34367145757612
50.34367145757612
50.34367145757612
50.34367145757612
50.34367145757612
50.34367145757612
50.34367145757612
50.34367145757612
50.34367145757612
50.34367145757612
50.34367145757612
50.34367145757612
50.34367145757612
50.34367145757612
50.34367145757612
50.34367145757612
50.34367145757612
50.34367145757612
50.34367145757612
50.34367145757612
50.34367145757612
50.34367145757612
50.34367145757612
50.34367145757612
50.34367145757612
50.34367145757612
50.34367145757612
50.34367145757612
50.34367145757612
50.34367145757612
50.34367145757612
50.34367145757612
50.34367145757612
50.34367145757612
50.34367145757612
50.34367145757612
50.34367145757612
50.34367145757612
50.34367145757612
50.34367145757612
50.34367145757612
50.34367145757612
50.34367145757612
50.34367145757612
50.34367145757612
50.34367145757612
50.34367145757612
51.023937326560656
51.023937326560656
51.023937326560656
51.023937326560656
51.023937326560656
51.023937326560656
51.023937326560656
51.023937326560656
51.023937326560656
51.023937326560656
51.023937326560656
51.023937326560656
51.023937326560656
51.023937326560656
51.023937326560656
51.023937326560656
51.023937326560656
51.023937326560656
51.023937326560656
51.023937326560656
51.023937326560656
51.023937326560656
51.023937326560656
51.023937326560656
51.023937326560656
51.023937326560656
51.023937326560656
51.023937326560656
51.023937326560656
51.023937326560656
51.023937326560656
51.023937326560656
51.023937326560656
51.023937326560656
51.023937326560656
51.023937326560656
51.023937326560656
51.023937326560656
51.023937326560656
51.023937326560656
51.023937326560656
51.023937326560656
51.023937326560656
51.023937326560656
51.023937326560656
51.023937326560656
51.023937326560656
51.023937326560656
51.023937326560656
51.023937326560656
51.023937326560656
51.023937326560656
51.023937326560656
51.023937326560656
51.023937326560656
51.023937326560656
51.023937326560656
51.023937326560656
51.023937326560656
51.023937326560656
51.023937326560656
51.023937326560656
51.023937326560656
51.023937326560656
51.023937326560656
51.023937326560656
51.023937326560656
51.023937326560656
51.023937326560656
51.023937326560656
51.023937326560656
51.023937326560656
51.023937326560656
51.023937326560656
51.023937326560656
51.023937326560656
51.023937326560656
51.023937326560656
51.023937326560656
51.023937326560656
51.023937326560656
51.3996690652573
51.3996690652573
51.3996690652573
51.3996690652573
51.3996690652573
51.3996690652573
51.3996690652573
51.3996690652573
51.3996690652573
51.3996690652573
51.3996690652573
51.3996690652573
51.3996690652573
51.3996690652573
51.3996690652573
51.3996690652573
51.3996690652573
51.3996690652573
51.3996690652573
51.3996690652573
51.3996690652573
51.3996690652573
51.3996690652573
51.3996690652573
51.3996690652573
51.3996690652573
51.3996690652573
51.3996690652573
51.3996690652573
51.3996690652573
51.3996690652573
51.3996690652573
51.3996690652573
51.3996690652573
51.3996690652573
51.3996690652573
51.3996690652573
51.3996690652573
51.3996690652573
51.3996690652573
51.3996690652573
51.3996690652573
51.3996690652573
51.3996690652573
51.3996690652573
51.3996690652573
51.3996690652573
51.3996690652573
51.3996690652573
51.3996690652573
51.3996690652573
51.3996690652573
51.3996690652573
51.3996690652573
51.3996690652573
51.3996690652573
51.3996690652573
51.3996690652573
51.3996690652573
51.3996690652573
51.3996690652573
51.3996690652573
51.3996690652573
51.3996690652573
51.3996690652573
51.3996690652573
51.3996690652573
51.3996690652573
51.3996690652573
51.3996690652573
51.3996690652573
51.3996690652573
51.3996690652573
51.44108141533387
51.44108141533387
51.44108141533387
51.44108141533387
51.44108141533387
51.44108141533387
51.44108141533387
51.44108141533387
51.44108141533387
51.44108141533387
51.44108141533387
51.44108141533387
51.44108141533387
51.44108141533387
51.44108141533387
51.44108141533387
51.44108141533387
51.44108141533387
51.44108141533387
51.44108141533387
51.44108141533387
51.44108141533387
51.44108141533387
51.44108141533387
51.44108141533387
51.44108141533387
51.44108141533387
51.44108141533387
51.44108141533387
51.44108141533387
51.44108141533387
51.44108141533387
51.44108141533387
51.44108141533387
52.833348833351224
52.833348833351224
52.833348833351224
52.833348833351224
52.833348833351224
52.833348833351224
52.833348833351224
52.833348833351224
52.833348833351224
52.88942136345402
52.88942136345402
52.88942136345402
52.88942136345402
52.88942136345402
52.88942136345402
52.88942136345402
52.88942136345402
52.88942136345402
52.88942136345402
52.88942136345402
52.88942136345402
52.88942136345402
52.88942136345402
52.88942136345402
52.88942136345402
52.88942136345402
52.88942136345402
52.88942136345402
52.88942136345402
52.88942136345402
52.88942136345402
52.88942136345402
52.88942136345402
52.88942136345402
52.88942136345402
52.88942136345402
52.88942136345402
52.88942136345402
52.88942136345402
52.88942136345402
52.88942136345402
52.88942136345402
52.88942136345402
52.88942136345402
52.88942136345402
52.88942136345402
52.88942136345402
52.88942136345402
52.88942136345402
52.88942136345402
52.88942136345402
52.912230920719175
52.912230920719175
52.912230920719175
52.912230920719175
52.912230920719175
52.912230920719175
52.912230920719175
52.912230920719175
52.912230920719175
52.912230920719175
52.912230920719175
52.912230920719175
52.912230920719175
52.912230920719175
52.912230920719175
52.912230920719175
52.912230920719175
52.912230920719175
52.912230920719175
52.912230920719175
52.912230920719175
52.912230920719175
52.912230920719175
52.912230920719175
52.912230920719175
52.912230920719175
52.912230920719175
52.912230920719175
52.912230920719175
52.912230920719175
52.912230920719175
52.912230920719175
52.912230920719175
52.912230920719175
52.912230920719175
52.912230920719175
52.912230920719175
52.912230920719175
52.912230920719175
52.912230920719175
52.912230920719175
52.912230920719175
52.912230920719175
52.912230920719175
52.912230920719175
52.912230920719175
52.912230920719175
52.912230920719175
52.912230920719175
52.912230920719175
52.912230920719175
52.912230920719175
52.912230920719175
52.912230920719175
52.912230920719175
52.912230920719175
52.912230920719175
52.912230920719175
52.912230920719175
52.912230920719175
52.912230920719175
52.912230920719175
52.912230920719175
52.912230920719175
52.912230920719175
52.912230920719175
52.912230920719175
52.912230920719175
52.912230920719175
52.912230920719175
52.912230920719175
52.912230920719175
52.912230920719175
52.912230920719175
52.912230920719175
52.912230920719175
52.912230920719175
52.93354282140824
52.93354282140824
52.93354282140824
52.93354282140824
52.93354282140824
52.93354282140824
52.93354282140824
52.93354282140824
52.93354282140824
52.93354282140824
52.93354282140824
55.35812881331278
55.35812881331278
55.35812881331278
55.35812881331278
55.35812881331278
55.35812881331278
55.35812881331278
55.35812881331278
55.35812881331278
55.35812881331278
55.35812881331278
55.35812881331278
55.35812881331278
55.35812881331278
55.35812881331278
55.35812881331278
55.35812881331278
55.35812881331278
55.35812881331278
55.35812881331278
55.35812881331278
55.35812881331278
55.35812881331278
55.35812881331278
55.35812881331278
55.35812881331278
55.35812881331278
55.35812881331278
55.35812881331278
55.35812881331278
55.35812881331278
55.35812881331278
55.35812881331278
55.35812881331278
55.35812881331278
55.35812881331278
55.35812881331278
55.35812881331278
55.35812881331278
55.35812881331278
55.35812881331278
55.35812881331278
55.35812881331278
55.35812881331278
55.35812881331278
55.35812881331278
55.35812881331278
4.826287450968303
7.18754119954772
8.427387951389093
8.427387951389093
8.427387951389093
8.427387951389093
8.539592074574161
31.86947693912797
32.022271351907406
32.022271351907406
32.495650268103816
32.495650268103816
32.495650268103816
32.495650268103816
32.83734855975423
39.13136246650572
39.13136246650572
39.13136246650572
40.360674582212745
43.0506587427641
43.0506587427641
43.0506587427641
43.0506587427641
43.0506587427641
43.0506587427641
43.0506587427641
43.0506587427641
43.0506587427641
43.0506587427641
43.0506587427641
44.66131810447715
44.66131810447715
44.66131810447715
44.66131810447715
44.66131810447715
44.66131810447715
44.66131810447715
45.27964979161126
45.74817449111691
52.80166192684108
52.80166192684108
52.80166192684108
52.80166192684108
52.80166192684108
52.80166192684108
52.80166192684108
52.80166192684108
52.80166192684108
52.80166192684108
52.80166192684108
52.80166192684108
52.80166192684108
52.80166192684108
52.80166192684108
52.80166192684108
52.80166192684108
52.80166192684108
52.80166192684108
52.80166192684108
52.80166192684108
53.4208516699434
53.4208516699434
53.4208516699434
53.4208516699434
53.4208516699434
53.4208516699434
53.4208516699434
53.4208516699434
53.4208516699434
53.4208516699434
53.4208516699434
53.4208516699434
53.4208516699434
53.4208516699434
53.4208516699434
53.4208516699434
53.4208516699434
53.70167347262349
53.70167347262349
57.21129280351538
57.21129280351538
57.21129280351538
57.21129280351538
57.21129280351538
57.21129280351538
57.21129280351538
57.21129280351538
57.21129280351538
57.21129280351538
57.21129280351538
57.21129280351538
57.21129280351538
57.21129280351538
57.21129280351538
57.21129280351538
57.21129280351538
57.21129280351538
57.21129280351538
57.21129280351538
57.21129280351538
57.21129280351538
57.21129280351538
57.21129280351538
57.21129280351538
57.21129280351538
57.21129280351538
57.21129280351538
57.21129280351538
57.21129280351538
57.21129280351538
57.21129280351538
57.21129280351538
57.21129280351538
57.21129280351538
57.21129280351538
57.21129280351538
57.21129280351538
57.21129280351538
57.21129280351538
57.21129280351538
57.21129280351538
57.21129280351538
57.21129280351538
57.21129280351538
57.21129280351538
57.21129280351538
59.49286355175936
59.49286355175936
59.49286355175936
59.49286355175936
59.49286355175936
59.49286355175936
59.49286355175936
59.49286355175936
59.49286355175936
59.49286355175936
59.49286355175936
59.49286355175936
59.49286355175936
59.49286355175936
59.49286355175936
59.49286355175936
59.49286355175936
59.49286355175936
59.49286355175936
59.49286355175936
59.49286355175936
59.49286355175936
59.49286355175936
59.49286355175936
59.49286355175936
59.49286355175936
59.49286355175936
59.49286355175936
59.49286355175936
59.49286355175936
59.49286355175936
59.49286355175936
59.49286355175936
59.49286355175936
59.49286355175936
59.49286355175936
59.49286355175936
59.49286355175936
59.49286355175936
59.49286355175936
59.49286355175936
59.49286355175936
59.49286355175936
59.49286355175936
59.49286355175936
59.49286355175936
59.49286355175936
59.49286355175936
59.49286355175936
59.49286355175936
59.49286355175936
59.49286355175936
59.49286355175936
59.49286355175936
59.49286355175936
59.49286355175936
59.49286355175936
59.49286355175936
59.49286355175936
59.49286355175936
59.49286355175936
59.49286355175936
59.49286355175936
59.49286355175936
59.49286355175936
59.49286355175936
59.49286355175936
59.49286355175936
59.49286355175936
59.49286355175936
59.49286355175936
59.49286355175936
59.49286355175936
59.49286355175936
59.49286355175936
59.49286355175936
59.49286355175936
59.49286355175936
59.49286355175936
59.49286355175936
59.49286355175936
59.49286355175936
59.49286355175936
59.49286355175936
59.49286355175936
59.49286355175936
59.49286355175936
59.49286355175936
59.49286355175936
59.49286355175936
59.49286355175936
59.49286355175936
59.49286355175936
59.49286355175936
59.49286355175936
59.49286355175936
59.49286355175936
59.49286355175936
59.49286355175936
59.49286355175936
59.49286355175936
59.49286355175936
59.49286355175936
59.49286355175936
59.49286355175936
59.49286355175936
59.49286355175936
59.49286355175936
59.49286355175936
59.49286355175936
59.49286355175936
59.49286355175936
59.49286355175936
59.49286355175936
59.49286355175936
59.49286355175936
59.49286355175936
59.49286355175936
59.49286355175936
59.49286355175936
59.49286355175936
59.49286355175936
59.49286355175936
59.49286355175936
59.49286355175936
59.49286355175936
59.49286355175936
59.49286355175936
59.49286355175936
59.49286355175936
59.49286355175936
59.49286355175936
59.49286355175936
59.49286355175936
59.49286355175936
59.49286355175936
59.49286355175936
59.49286355175936
59.49286355175936
59.49286355175936
59.49286355175936
59.49286355175936
59.49286355175936
59.49286355175936
59.49286355175936
59.49286355175936
59.49286355175936
59.49286355175936
59.49286355175936
59.49286355175936
59.49286355175936
59.49286355175936
59.49286355175936
59.49286355175936
59.49286355175936
59.49286355175936
59.49286355175936
59.49286355175936
59.49286355175936
59.49286355175936
59.49286355175936
59.49286355175936
59.49286355175936
59.49286355175936
59.49286355175936
59.49286355175936
59.49286355175936
59.49286355175936
59.49286355175936
61.33100488147718
61.33100488147718
61.33100488147718
61.33100488147718
61.33100488147718
61.33100488147718
61.33100488147718
61.33100488147718
61.33100488147718
61.33100488147718
61.33100488147718
61.33100488147718
61.33100488147718
61.33100488147718
61.33100488147718
61.33100488147718
61.33100488147718
61.33100488147718
61.33100488147718
61.33100488147718
61.33100488147718
61.33100488147718
61.33100488147718
61.33100488147718
61.33100488147718
61.33100488147718
61.33100488147718
61.33100488147718
61.33100488147718
61.33100488147718
61.33100488147718
61.33100488147718
61.33100488147718
61.33100488147718
61.33100488147718
61.33100488147718
61.33100488147718
61.33100488147718
61.33100488147718
61.33100488147718
61.33100488147718
61.33100488147718
61.33100488147718
61.33100488147718
61.33100488147718
61.33100488147718
61.33100488147718
61.33100488147718
61.33100488147718
61.33100488147718
61.33100488147718
61.33100488147718
61.33100488147718
61.33100488147718
61.33100488147718
61.33100488147718
61.33100488147718
61.33100488147718
61.33100488147718
61.33100488147718
61.33100488147718
61.33100488147718
61.33100488147718
61.33100488147718
61.33100488147718
61.33100488147718
61.33100488147718
61.33100488147718
61.33100488147718
61.33100488147718
61.33100488147718
61.33100488147718
61.33100488147718
61.33100488147718
61.33100488147718
61.33100488147718
61.33100488147718
61.33100488147718
61.33100488147718
61.33100488147718
61.33100488147718
61.33100488147718
61.33100488147718
61.62446043555632
61.62446043555632
61.62446043555632
61.62446043555632
61.62446043555632
61.62446043555632
61.62446043555632
61.62446043555632
61.62446043555632
61.62446043555632
61.62446043555632
61.62446043555632
61.62446043555632
61.62446043555632
61.62446043555632
61.62446043555632
61.62446043555632
61.62446043555632
61.62446043555632
61.62446043555632
61.62446043555632
61.62446043555632
61.62446043555632
61.62446043555632
61.62446043555632
61.62446043555632
61.62446043555632
61.62446043555632
61.62446043555632
61.62446043555632
61.62446043555632
61.90137172613758
61.90137172613758
61.90137172613758
61.90137172613758
61.90137172613758
61.90137172613758
61.90137172613758
61.90137172613758
61.90137172613758
61.90137172613758
61.90137172613758
61.90137172613758
61.90137172613758
61.90137172613758
61.90137172613758
61.90137172613758
61.90137172613758
61.90137172613758
61.90137172613758
61.90137172613758
61.90137172613758
61.90137172613758
61.90137172613758
61.90137172613758
61.90137172613758
61.90137172613758
61.90137172613758
61.90137172613758
61.90137172613758
61.90137172613758
61.90137172613758
61.90137172613758
61.90137172613758
61.90137172613758
61.90137172613758
61.90137172613758
61.90137172613758
61.90137172613758
61.90137172613758
61.90137172613758
61.90137172613758
61.90137172613758
61.90137172613758
61.90137172613758
61.90137172613758
61.90137172613758
61.90137172613758
61.90137172613758
61.90137172613758
61.90137172613758
61.90137172613758
61.90137172613758
61.90137172613758
61.90137172613758
61.90137172613758
61.90137172613758
61.90137172613758
61.90137172613758
61.90137172613758
61.90137172613758
61.90137172613758
61.90137172613758
61.90137172613758
61.90137172613758
61.90137172613758
61.90137172613758
61.90137172613758
61.90137172613758
61.90137172613758
61.90137172613758
61.90137172613758
61.90137172613758
61.90137172613758
61.90137172613758
61.90137172613758
61.90137172613758
61.90137172613758
61.90137172613758
61.90137172613758
61.90137172613758
61.90137172613758
61.90137172613758
61.90137172613758
61.90137172613758
61.90137172613758
61.90137172613758
61.90137172613758
61.90137172613758
61.90137172613758
61.90137172613758
61.90137172613758
61.90137172613758
10.42574496747153
16.22210249141589
16.376666046678203
23.93060235564313
29.775146157412756
29.775146157412756
39.81389361429337
39.81389361429337
39.81389361429337
39.81389361429337
39.81389361429337
39.81389361429337
39.81389361429337
39.81389361429337
39.81389361429337
39.81389361429337
39.81389361429337
39.81389361429337
39.81389361429337
39.81389361429337
39.81389361429337
39.81389361429337
39.81389361429337
39.81389361429337
41.02471364529442
41.02471364529442
41.02471364529442
41.02471364529442
47.25024859857301
47.25024859857301
47.25024859857301
47.25024859857301
47.25024859857301
47.25024859857301
47.25024859857301
47.25024859857301
47.25024859857301
47.25024859857301
47.25024859857301
47.25024859857301
47.25024859857301
47.25024859857301
47.25024859857301
47.25024859857301
47.25024859857301
47.25024859857301
47.25024859857301
47.25024859857301
47.25024859857301
47.25024859857301
47.25024859857301
47.25024859857301
47.25024859857301
47.25024859857301
47.25024859857301
47.25024859857301
47.25024859857301
47.25024859857301
47.25024859857301
52.89360212370507
52.89360212370507
52.89360212370507
52.89360212370507
52.89360212370507
52.89360212370507
52.89360212370507
52.89360212370507
52.89360212370507
52.89360212370507
52.89360212370507
52.89360212370507
52.89360212370507
52.89360212370507
52.89360212370507
52.89360212370507
52.89360212370507
52.89360212370507
52.89360212370507
52.89360212370507
52.89360212370507
52.89360212370507
52.89360212370507
52.89360212370507
52.89360212370507
52.89360212370507
52.89360212370507
52.89360212370507
52.89360212370507
52.89360212370507
52.89360212370507
52.89360212370507
52.89360212370507
52.89360212370507
52.89360212370507
52.89360212370507
52.89360212370507
52.89360212370507
52.89360212370507
52.89360212370507
52.89360212370507
52.89360212370507
66.27204680175171
66.27204680175171
66.27204680175171
66.27204680175171
66.27204680175171
66.27204680175171
66.27204680175171
66.27204680175171
66.27204680175171
66.27204680175171
66.27204680175171
66.27204680175171
66.27204680175171
66.27204680175171
66.27204680175171
66.27204680175171
66.27204680175171
66.27204680175171
66.27204680175171
66.27204680175171
66.27204680175171
66.27204680175171
66.27204680175171
66.27204680175171
66.27204680175171
66.27204680175171
66.27204680175171
66.27204680175171
66.27204680175171
66.27204680175171
66.27204680175171
66.27204680175171
66.27204680175171
66.27204680175171
66.27204680175171
66.27204680175171
66.27204680175171
66.27204680175171
66.27204680175171
66.27204680175171
66.27204680175171
66.27204680175171
66.27204680175171
66.27204680175171
66.27204680175171
66.27204680175171
66.27204680175171
66.27204680175171
66.27204680175171
66.27204680175171
66.27204680175171
66.27204680175171
66.27204680175171
66.27204680175171
66.45595497511871
66.45595497511871
66.45595497511871
66.45595497511871
66.45595497511871
66.45595497511871
66.45595497511871
66.45595497511871
66.45595497511871
66.45595497511871
66.45595497511871
66.45595497511871
66.45595497511871
66.45595497511871
66.45595497511871
66.45595497511871
66.45595497511871
66.45595497511871
66.45595497511871
66.45595497511871
66.45595497511871
66.45595497511871
66.45595497511871
66.45595497511871
66.45595497511871
66.45595497511871
66.45595497511871
66.45595497511871
66.45595497511871
66.45595497511871
66.45595497511871
66.45595497511871
66.45595497511871
66.45595497511871
66.45595497511871
66.45595497511871
66.45595497511871
66.45595497511871
66.45595497511871
66.45595497511871
66.45595497511871
66.45595497511871
66.45595497511871
66.45595497511871
66.45595497511871
66.45595497511871
66.45595497511871
66.45595497511871
66.45595497511871
66.45595497511871
66.45595497511871
66.45595497511871
66.45595497511871
66.45595497511871
66.45595497511871
66.45595497511871
66.45595497511871
66.45595497511871
66.45595497511871
66.45595497511871
66.45595497511871
66.45595497511871
66.45595497511871
66.45595497511871
66.45595497511871
66.45595497511871
66.45595497511871
66.45595497511871
66.45595497511871
66.45595497511871
66.45595497511871
66.45595497511871
66.45595497511871
66.45595497511871
66.45595497511871
66.45595497511871
66.45595497511871
66.45595497511871
66.45595497511871
66.45595497511871
66.45595497511871
66.45595497511871
66.45595497511871
66.45595497511871
66.45595497511871
66.45595497511871
66.45595497511871
66.45595497511871
66.45595497511871
66.45595497511871
66.45595497511871
66.45595497511871
66.45595497511871
66.45595497511871
66.45595497511871
66.45595497511871
66.45595497511871
66.45595497511871
66.45595497511871
70.3063147474008
70.3063147474008
70.3063147474008
73.00654972834866
73.00654972834866
73.00654972834866
73.00654972834866
73.00654972834866
73.00654972834866
73.00654972834866
73.00654972834866
73.00654972834866
76.20081774460144
76.20081774460144
76.20081774460144
76.20081774460144
76.20081774460144
76.20081774460144
76.20081774460144
76.20081774460144
76.20081774460144
76.20081774460144
76.20081774460144
76.20081774460144
76.20081774460144
76.20081774460144
76.20081774460144
76.20081774460144
76.20081774460144
76.20081774460144
76.20081774460144
76.20081774460144
76.20081774460144
76.20081774460144
76.20081774460144
76.20081774460144
76.20081774460144
76.20081774460144
76.20081774460144
76.20081774460144
76.20081774460144
76.20081774460144
76.20081774460144
76.20081774460144
76.20081774460144
76.20081774460144
76.20081774460144
76.20081774460144
76.20081774460144
76.20081774460144
76.20081774460144
76.20081774460144
76.20081774460144
76.20081774460144
76.20081774460144
76.20081774460144
76.20081774460144
76.20081774460144
76.20081774460144
76.20081774460144
76.20081774460144
76.20081774460144
76.20081774460144
76.20081774460144
76.20081774460144
76.20081774460144
76.20081774460144
76.20081774460144
76.20081774460144
76.20081774460144
76.20081774460144
76.20081774460144
76.20081774460144
76.20081774460144
76.20081774460144
76.20081774460144
76.20081774460144
76.20081774460144
76.20081774460144
76.20081774460144
76.20081774460144
76.20081774460144
76.20081774460144
76.20081774460144
76.20081774460144
76.20081774460144
76.20081774460144
76.20081774460144
76.20081774460144
76.20081774460144
76.20081774460144
76.20081774460144
76.20081774460144
76.20081774460144
76.20081774460144
76.20081774460144
76.20081774460144
76.20081774460144
76.20081774460144
76.20081774460144
76.20081774460144
76.20081774460144
76.20081774460144
76.20081774460144
76.20081774460144
76.20081774460144
76.20081774460144
76.20081774460144
76.20081774460144
76.20081774460144
76.20081774460144
76.20081774460144
76.20081774460144
76.20081774460144
76.20081774460144
76.20081774460144
76.20081774460144
76.20081774460144
76.20081774460144
76.20081774460144
76.20081774460144
76.20081774460144
76.20081774460144
76.20081774460144
76.20081774460144
76.20081774460144
76.20081774460144
76.20081774460144
76.20081774460144
76.20081774460144
76.20081774460144
76.20081774460144
76.20081774460144
76.20081774460144
76.20081774460144
76.20081774460144
76.20081774460144
76.20081774460144
76.20081774460144
76.20081774460144
76.20081774460144
76.20081774460144
76.20081774460144
76.20081774460144
76.20081774460144
76.20081774460144
76.20081774460144
76.20081774460144
76.20081774460144
76.20081774460144
76.20081774460144
76.20081774460144
76.20081774460144
76.20081774460144
76.20081774460144
76.20081774460144
76.20081774460144
76.20081774460144
76.20081774460144
76.20081774460144
76.20081774460144
76.20081774460144
76.20081774460144
76.20081774460144
76.20081774460144
76.20081774460144
76.20081774460144
76.20081774460144
76.20081774460144
76.20081774460144
76.20081774460144
76.20081774460144
76.20081774460144
76.20081774460144
76.20081774460144
76.20081774460144
76.20081774460144
76.20081774460144
76.20081774460144
76.20081774460144
76.20081774460144
76.20081774460144
76.20081774460144
76.20081774460144
76.20081774460144
76.20081774460144
76.20081774460144
76.20081774460144
76.20081774460144
76.20081774460144
76.20081774460144
76.20081774460144
76.20081774460144
76.20081774460144
76.20081774460144
76.20081774460144
76.20081774460144
76.20081774460144
76.20081774460144
76.20081774460144
76.20081774460144
76.20081774460144
76.20081774460144
76.20081774460144
76.20081774460144
76.20081774460144
76.20081774460144
76.20081774460144
76.20081774460144
76.20081774460144
76.20081774460144
76.20081774460144
76.20081774460144
76.20081774460144
76.20081774460144
76.20081774460144
76.20081774460144
76.20081774460144
76.20081774460144
76.20081774460144
76.20081774460144
76.20081774460144
76.20081774460144
76.20081774460144
76.20081774460144
76.20081774460144
76.20081774460144
76.20081774460144
76.20081774460144
76.20081774460144
76.20081774460144
76.20081774460144
76.20081774460144
76.20081774460144
76.20081774460144
76.20081774460144
76.20081774460144
76.20081774460144
76.20081774460144
76.20081774460144
76.20081774460144
76.20081774460144
76.20081774460144
76.20081774460144
76.20081774460144
76.20081774460144
76.20081774460144
14.360781783504319
14.360781783504319
14.360781783504319
14.360781783504319
14.360781783504319
15.060014382684379
15.060014382684379
15.060014382684379
18.899686807690856
18.899686807690856
18.899686807690856
27.34204595568293
27.34204595568293
27.34204595568293
27.34204595568293
27.34204595568293
27.34204595568293
27.34204595568293
27.34204595568293
27.34204595568293
27.34204595568293
27.34204595568293
48.987401342894046
48.987401342894046
48.987401342894046
48.987401342894046
48.987401342894046
48.987401342894046
48.987401342894046
49.01879422687041
49.01879422687041
49.01879422687041
49.01879422687041
54.18435933294415
54.18435933294415
54.18435933294415
54.18435933294415
54.18435933294415
54.18435933294415
54.18435933294415
54.18435933294415
54.18435933294415
54.18435933294415
54.18435933294415
54.18435933294415
54.18435933294415
54.18435933294415
54.18435933294415
54.18435933294415
54.18435933294415
54.18435933294415
54.18435933294415
54.18435933294415
54.18435933294415
54.18435933294415
54.18435933294415
54.18435933294415
54.18435933294415
54.18435933294415
54.18435933294415
54.18435933294415
54.18435933294415
54.18435933294415
54.18435933294415
56.44963900125581
56.44963900125581
56.44963900125581
56.44963900125581
56.44963900125581
56.44963900125581
56.44963900125581
56.44963900125581
56.44963900125581
56.44963900125581
56.44963900125581
56.44963900125581
56.44963900125581
56.44963900125581
56.44963900125581
56.44963900125581
56.44963900125581
56.44963900125581
56.44963900125581
56.44963900125581
60.25048294188216
60.25048294188216
60.25048294188216
60.25048294188216
60.25048294188216
60.25048294188216
60.25048294188216
60.25048294188216
60.25048294188216
60.25048294188216
60.25048294188216
60.25048294188216
60.25048294188216
60.25048294188216
60.25048294188216
60.25048294188216
60.25048294188216
60.25048294188216
60.25048294188216
61.85095367640883
61.85095367640883
61.85095367640883
61.85095367640883
61.85095367640883
61.85095367640883
61.85095367640883
61.85095367640883
61.85095367640883
61.85095367640883
61.85095367640883
61.85095367640883
61.85095367640883
61.85095367640883
61.85095367640883
61.85095367640883
61.85095367640883
61.85095367640883
61.85095367640883
61.85095367640883
61.85095367640883
61.85095367640883
61.85095367640883
61.85095367640883
61.85095367640883
61.85095367640883
61.85095367640883
61.85095367640883
61.85095367640883
61.85095367640883
61.85095367640883
61.85095367640883
61.85095367640883
61.85095367640883
61.85095367640883
63.819438867469536
63.819438867469536
63.819438867469536
63.819438867469536
63.819438867469536
67.4147865222832
67.4147865222832
67.4147865222832
67.4147865222832
67.4147865222832
67.4147865222832
67.4147865222832
67.4147865222832
67.4147865222832
67.4147865222832
67.4147865222832
67.4147865222832
67.4147865222832
67.4147865222832
67.4147865222832
67.4147865222832
67.4147865222832
67.4147865222832
67.4147865222832
67.4147865222832
67.4147865222832
67.4147865222832
67.4147865222832
67.4147865222832
67.4147865222832
67.4147865222832
67.4147865222832
67.4147865222832
67.4147865222832
67.4147865222832
67.4147865222832
69.66754681365599
69.66754681365599
69.66754681365599
69.66754681365599
69.66754681365599
69.66754681365599
69.66754681365599
69.66754681365599
69.66754681365599
69.66754681365599
69.66754681365599
69.66754681365599
69.66754681365599
69.66754681365599
69.66754681365599
69.66754681365599
69.66754681365599
69.66754681365599
69.66754681365599
69.66754681365599
69.66754681365599
69.66754681365599
69.66754681365599
69.66754681365599
69.66754681365599
69.66754681365599
69.66754681365599
69.66754681365599
69.66754681365599
69.66754681365599
69.66754681365599
69.66754681365599
69.66754681365599
69.66754681365599
69.66754681365599
69.66754681365599
69.66754681365599
69.66754681365599
69.66754681365599
69.66754681365599
69.66754681365599
69.66754681365599
69.66754681365599
69.66754681365599
69.66754681365599
69.66754681365599
69.66754681365599
69.66754681365599
69.66754681365599
69.66754681365599
69.66754681365599
69.66754681365599
69.66754681365599
69.66754681365599
69.66754681365599
69.66754681365599
69.66754681365599
69.66754681365599
69.66754681365599
69.66754681365599
69.66754681365599
69.66754681365599
69.66754681365599
69.66754681365599
69.66754681365599
69.66754681365599
69.66754681365599
69.66754681365599
69.66754681365599
69.66754681365599
69.66754681365599
69.66754681365599
69.66754681365599
69.66754681365599
69.66754681365599
69.66754681365599
69.66754681365599
69.66754681365599
69.66754681365599
69.66754681365599
69.66754681365599
69.66754681365599
69.66754681365599
69.66754681365599
69.66754681365599
69.66754681365599
69.66754681365599
69.66754681365599
69.66754681365599
69.66754681365599
69.66754681365599
69.66754681365599
69.66754681365599
69.66754681365599
69.66754681365599
69.66754681365599
69.66754681365599
69.66754681365599
69.66754681365599
69.66754681365599
69.66754681365599
69.66754681365599
69.66754681365599
69.66754681365599
69.66754681365599
69.66754681365599
69.66754681365599
69.66754681365599
69.66754681365599
69.66754681365599
69.66754681365599
69.66754681365599
69.66754681365599
69.66754681365599
69.66754681365599
69.66754681365599
69.66754681365599
69.66754681365599
69.66754681365599
69.66754681365599
69.66754681365599
69.66754681365599
69.66754681365599
69.66754681365599
69.66754681365599
69.66754681365599
69.66754681365599
69.66754681365599
69.66754681365599
69.66754681365599
69.66754681365599
69.66754681365599
69.66754681365599
69.66754681365599
73.0342334530251
73.0342334530251
73.0342334530251
73.0342334530251
73.0342334530251
73.0342334530251
73.0342334530251
73.0342334530251
73.0342334530251
73.0342334530251
73.0342334530251
73.0342334530251
73.0342334530251
73.0342334530251
73.0342334530251
73.0342334530251
73.0342334530251
73.0342334530251
73.0342334530251
73.0342334530251
73.0342334530251
73.0342334530251
73.0342334530251
73.0342334530251
73.0342334530251
73.0342334530251
73.0342334530251
73.0342334530251
73.0342334530251
73.0342334530251
73.0342334530251
73.0342334530251
73.0342334530251
73.0342334530251
73.0342334530251
73.0342334530251
73.0342334530251
73.0342334530251
73.0342334530251
73.0342334530251
73.0342334530251
73.0342334530251
73.0342334530251
73.0342334530251
73.0342334530251
73.0342334530251
73.0342334530251
73.0342334530251
73.0342334530251
73.0342334530251
73.0342334530251
73.0342334530251
73.0342334530251
73.0342334530251
73.0342334530251
73.0342334530251
73.0342334530251
73.0342334530251
73.0342334530251
73.0342334530251
73.0342334530251
73.0342334530251
73.0342334530251
73.0342334530251
73.0342334530251
73.0342334530251
73.0342334530251
73.0342334530251
73.0342334530251
73.0342334530251
73.0342334530251
73.0342334530251
73.0342334530251
73.0342334530251
73.0342334530251
73.0342334530251
73.0342334530251
73.0342334530251
73.0342334530251
73.0342334530251
73.0342334530251
73.0342334530251
73.0342334530251
73.0342334530251
73.0342334530251
73.0342334530251
73.0342334530251
73.0342334530251
73.0342334530251
73.0342334530251
73.0342334530251
73.0342334530251
73.0342334530251
73.0342334530251
73.0342334530251
73.0342334530251
73.0342334530251
73.0342334530251
73.0342334530251
73.0342334530251
73.0342334530251
73.0342334530251
73.0342334530251
73.0342334530251
73.0342334530251
73.0342334530251
73.0342334530251
73.0342334530251
73.0342334530251
73.0342334530251
73.0342334530251
73.0342334530251
73.0342334530251
73.0342334530251
75.99979327409342
75.99979327409342
75.99979327409342
75.99979327409342
75.99979327409342
75.99979327409342
75.99979327409342
75.99979327409342
75.99979327409342
75.99979327409342
75.99979327409342
75.99979327409342
75.99979327409342
75.99979327409342
75.99979327409342
75.99979327409342
75.99979327409342
75.99979327409342
75.99979327409342
75.99979327409342
75.99979327409342
75.99979327409342
75.99979327409342
75.99979327409342
75.99979327409342
75.99979327409342
75.99979327409342
75.99979327409342
75.99979327409342
75.99979327409342
75.99979327409342
75.99979327409342
75.99979327409342
75.99979327409342
75.99979327409342
75.99979327409342
75.99979327409342
75.99979327409342
75.99979327409342
75.99979327409342
75.99979327409342
75.99979327409342
75.99979327409342
75.99979327409342
75.99979327409342
75.99979327409342
75.99979327409342
75.99979327409342
75.99979327409342
75.99979327409342
75.99979327409342
75.99979327409342
75.99979327409342
75.99979327409342
75.99979327409342
75.99979327409342
75.99979327409342
75.99979327409342
75.99979327409342
75.99979327409342
75.99979327409342
75.99979327409342
75.99979327409342
75.99979327409342
75.99979327409342
75.99979327409342
75.99979327409342
75.99979327409342
75.99979327409342
75.99979327409342
75.99979327409342
75.99979327409342
75.99979327409342
75.99979327409342
75.99979327409342
75.99979327409342
75.99979327409342
75.99979327409342
75.99979327409342
