2.8392239130204215
2.8392239130204215
5.872940828366456
5.872940828366456
10.170470999839116
10.170470999839116
10.170470999839116
13.02294443362053
13.02294443362053
13.02294443362053
14.896712922843736
16.137891477182666
16.222716585539843
16.222716585539843
16.222716585539843
16.256717389612692
16.256717389612692
16.256717389612692
16.368663623143735
19.62404478757793
19.62404478757793
19.62404478757793
21.55640082017408
21.55640082017408
21.55640082017408
21.55640082017408
21.55640082017408
21.55640082017408
21.55640082017408
21.55640082017408
21.55640082017408
21.55640082017408
21.55640082017408
21.55640082017408
21.55640082017408
21.55640082017408
21.55640082017408
21.55640082017408
21.55640082017408
21.55640082017408
21.55640082017408
21.55640082017408
21.55640082017408
21.55640082017408
21.55640082017408
21.55640082017408
21.55640082017408
23.9719651917331
23.9719651917331
23.9719651917331
23.9719651917331
30.12308529212413
33.635211953605065
33.635211953605065
33.635211953605065
33.635211953605065
33.635211953605065
33.635211953605065
33.635211953605065
33.635211953605065
33.635211953605065
33.635211953605065
33.635211953605065
33.635211953605065
33.635211953605065
33.635211953605065
33.635211953605065
33.635211953605065
33.635211953605065
33.635211953605065
33.635211953605065
33.635211953605065
33.635211953605065
33.635211953605065
33.635211953605065
33.635211953605065
33.635211953605065
33.635211953605065
33.635211953605065
33.635211953605065
37.69050463621972
37.69050463621972
37.69050463621972
42.6197526397391
42.6197526397391
42.6197526397391
42.6197526397391
42.6197526397391
42.6197526397391
42.6197526397391
42.6197526397391
42.6197526397391
42.6197526397391
42.6197526397391
42.6197526397391
42.6197526397391
42.6197526397391
42.6197526397391
42.6197526397391
42.6197526397391
42.6197526397391
42.6197526397391
42.6197526397391
42.6197526397391
42.6197526397391
42.6197526397391
42.6197526397391
42.6197526397391
42.6197526397391
42.6197526397391
42.6197526397391
42.6197526397391
42.6197526397391
42.6197526397391
42.6197526397391
42.6197526397391
42.6197526397391
42.6197526397391
42.6197526397391
42.6197526397391
42.6197526397391
42.6197526397391
42.6197526397391
42.6197526397391
42.6197526397391
42.6197526397391
42.6197526397391
42.6197526397391
42.6197526397391
42.6197526397391
42.6197526397391
42.6197526397391
42.6197526397391
42.6197526397391
42.6197526397391
42.6197526397391
42.6197526397391
42.6197526397391
42.6197526397391
42.6197526397391
42.6197526397391
42.6197526397391
42.6197526397391
42.6197526397391
42.6197526397391
42.6197526397391
42.6197526397391
42.6197526397391
42.6197526397391
42.6197526397391
43.68439319668162
43.68439319668162
43.68439319668162
43.68439319668162
43.68439319668162
43.68439319668162
43.68439319668162
43.68439319668162
47.02718485521041
47.02718485521041
47.02718485521041
47.02718485521041
55.25140512979622
55.25140512979622
55.25140512979622
55.25140512979622
55.25140512979622
55.25140512979622
55.25140512979622
55.25140512979622
55.25140512979622
55.25140512979622
55.25140512979622
55.25140512979622
55.25140512979622
55.25140512979622
55.25140512979622
55.25140512979622
55.25140512979622
55.25140512979622
55.25140512979622
55.25140512979622
55.25140512979622
55.25140512979622
55.25140512979622
55.25140512979622
55.25140512979622
55.25140512979622
55.25140512979622
55.25140512979622
55.25140512979622
55.25140512979622
55.25140512979622
55.25140512979622
55.25140512979622
55.25140512979622
55.25140512979622
55.25140512979622
55.25140512979622
55.25140512979622
55.25140512979622
55.25140512979622
55.25140512979622
55.25140512979622
55.25140512979622
55.25140512979622
55.25140512979622
55.25140512979622
55.25140512979622
55.25140512979622
55.25140512979622
55.25140512979622
55.25140512979622
55.25140512979622
55.25140512979622
55.25140512979622
55.25140512979622
55.25140512979622
55.25140512979622
55.25140512979622
55.25140512979622
55.25140512979622
55.25140512979622
55.25140512979622
55.25140512979622
55.25140512979622
55.25140512979622
55.25140512979622
55.25140512979622
55.25140512979622
55.25140512979622
55.25140512979622
55.25140512979622
55.25140512979622
55.25140512979622
55.25140512979622
55.25140512979622
55.25140512979622
55.25140512979622
55.25140512979622
55.25140512979622
55.25140512979622
55.25140512979622
55.25140512979622
55.25140512979622
55.25140512979622
55.25140512979622
55.25140512979622
55.25140512979622
55.25140512979622
55.25140512979622
55.25140512979622
55.25140512979622
55.25140512979622
55.25140512979622
55.25140512979622
55.25140512979622
55.25140512979622
55.25140512979622
55.25140512979622
55.25140512979622
55.25140512979622
55.25140512979622
55.25140512979622
55.25140512979622
55.25140512979622
55.25140512979622
55.25140512979622
55.25140512979622
55.25140512979622
55.25140512979622
55.25140512979622
55.25140512979622
55.25140512979622
55.25140512979622
55.25140512979622
55.25140512979622
55.25140512979622
55.25140512979622
55.25140512979622
55.25140512979622
55.25140512979622
55.25140512979622
56.84787023080956
56.84787023080956
56.84787023080956
56.84787023080956
56.84787023080956
56.84787023080956
56.84787023080956
56.84787023080956
56.84787023080956
56.84787023080956
56.84787023080956
56.84787023080956
56.84787023080956
56.84787023080956
56.84787023080956
56.84787023080956
56.84787023080956
56.84787023080956
56.84787023080956
56.84787023080956
56.84787023080956
56.84787023080956
56.84787023080956
56.84787023080956
56.84787023080956
56.84787023080956
56.84787023080956
56.84787023080956
56.84787023080956
56.84787023080956
56.84787023080956
56.84787023080956
56.84787023080956
56.84787023080956
56.84787023080956
56.84787023080956
56.84787023080956
56.84787023080956
56.84787023080956
56.84787023080956
56.84787023080956
56.84787023080956
56.84787023080956
56.84787023080956
56.84787023080956
56.84787023080956
56.84787023080956
56.84787023080956
56.84787023080956
56.84787023080956
56.84787023080956
56.84787023080956
56.84787023080956
56.84787023080956
56.84787023080956
56.84787023080956
56.84787023080956
56.84787023080956
56.84787023080956
56.84787023080956
56.84787023080956
56.84787023080956
56.84787023080956
56.84787023080956
56.84787023080956
56.84787023080956
56.84787023080956
56.84787023080956
56.84787023080956
56.84787023080956
56.84787023080956
56.84787023080956
56.84787023080956
56.84787023080956
56.84787023080956
56.84787023080956
56.84787023080956
56.84787023080956
56.84787023080956
56.84787023080956
56.84787023080956
56.84787023080956
56.84787023080956
56.84787023080956
56.84787023080956
56.84787023080956
56.84787023080956
56.84787023080956
56.84787023080956
56.84787023080956
56.84787023080956
56.84787023080956
56.84787023080956
56.84787023080956
56.84787023080956
56.84787023080956
56.84787023080956
56.84787023080956
56.84787023080956
56.84787023080956
56.84787023080956
56.84787023080956
56.84787023080956
56.84787023080956
56.84787023080956
56.84787023080956
56.84787023080956
56.84787023080956
56.84787023080956
56.84787023080956
56.84787023080956
56.84787023080956
56.84787023080956
56.84787023080956
56.84787023080956
56.84787023080956
56.84787023080956
56.84787023080956
56.84787023080956
56.84787023080956
56.84787023080956
56.84787023080956
56.84787023080956
56.84787023080956
56.84787023080956
56.84787023080956
56.84787023080956
56.84787023080956
56.84787023080956
56.84787023080956
56.84787023080956
56.84787023080956
56.84787023080956
56.84787023080956
56.84787023080956
56.84787023080956
56.84787023080956
56.84787023080956
56.84787023080956
56.84787023080956
56.84787023080956
56.84787023080956
56.84787023080956
56.84787023080956
56.84787023080956
56.84787023080956
56.84787023080956
56.84787023080956
56.84787023080956
56.84787023080956
56.84787023080956
56.84787023080956
56.84787023080956
56.84787023080956
56.84787023080956
56.84787023080956
56.84787023080956
56.84787023080956
56.84787023080956
56.84787023080956
56.84787023080956
56.84787023080956
56.84787023080956
56.84787023080956
56.84787023080956
56.84787023080956
56.84787023080956
56.84787023080956
56.84787023080956
56.84787023080956
56.84787023080956
56.84787023080956
56.84787023080956
56.84787023080956
56.84787023080956
56.84787023080956
56.84787023080956
56.84787023080956
56.84787023080956
56.84787023080956
56.84787023080956
56.84787023080956
56.84787023080956
56.84787023080956
56.84787023080956
56.84787023080956
56.84787023080956
56.84787023080956
56.84787023080956
56.84787023080956
56.84787023080956
56.84787023080956
56.84787023080956
56.84787023080956
56.84787023080956
56.84787023080956
56.84787023080956
56.84787023080956
56.84787023080956
56.84787023080956
56.84787023080956
56.84787023080956
56.84787023080956
56.84787023080956
56.84787023080956
56.84787023080956
56.84787023080956
56.84787023080956
56.84787023080956
56.84787023080956
56.84787023080956
56.84787023080956
56.84787023080956
56.84787023080956
56.84787023080956
56.84787023080956
56.84787023080956
56.84787023080956
4.119665730956022
4.119665730956022
4.119665730956022
4.119665730956022
22.105788120588038
22.105788120588038
22.105788120588038
22.105788120588038
22.105788120588038
22.105788120588038
22.105788120588038
22.105788120588038
22.105788120588038
22.105788120588038
22.105788120588038
22.105788120588038
22.105788120588038
22.105788120588038
22.105788120588038
22.105788120588038
22.105788120588038
22.105788120588038
22.105788120588038
22.105788120588038
22.105788120588038
22.105788120588038
22.105788120588038
22.534107851556293
22.534107851556293
22.534107851556293
22.57206733898756
22.59654342690451
22.59654342690451
22.59654342690451
22.59654342690451
22.59654342690451
22.59654342690451
22.59654342690451
22.59654342690451
22.59654342690451
22.59654342690451
22.61109657333792
22.61109657333792
22.63234085983128
26.449038348868413
26.449038348868413
26.449038348868413
26.449038348868413
26.449038348868413
26.449038348868413
26.449038348868413
26.449038348868413
26.449038348868413
26.449038348868413
26.449038348868413
26.449038348868413
26.449038348868413
26.449038348868413
26.449038348868413
26.449038348868413
26.449038348868413
26.449038348868413
26.449038348868413
26.449038348868413
26.449038348868413
26.449038348868413
26.449038348868413
26.449038348868413
26.449038348868413
26.449038348868413
26.449038348868413
26.449038348868413
26.449038348868413
26.449038348868413
26.449038348868413
26.449038348868413
26.449038348868413
26.449038348868413
26.449038348868413
26.449038348868413
26.449038348868413
26.449038348868413
26.449038348868413
26.449038348868413
26.449038348868413
26.449038348868413
26.449038348868413
28.203287266050147
29.87514424895293
29.87514424895293
29.87514424895293
29.87514424895293
29.87514424895293
29.87514424895293
29.87514424895293
29.87514424895293
29.87514424895293
29.87514424895293
29.87514424895293
29.87514424895293
29.87514424895293
29.87514424895293
29.87514424895293
29.87514424895293
29.87514424895293
29.87514424895293
29.87514424895293
29.87514424895293
29.87514424895293
29.87514424895293
31.555208880723036
31.555208880723036
31.555208880723036
31.555208880723036
31.555208880723036
31.555208880723036
31.555208880723036
31.555208880723036
31.555208880723036
31.555208880723036
31.555208880723036
31.555208880723036
31.555208880723036
31.555208880723036
31.555208880723036
31.555208880723036
31.555208880723036
35.7882754066996
35.7882754066996
35.7882754066996
35.7882754066996
35.7882754066996
35.7882754066996
35.7882754066996
35.7882754066996
35.7882754066996
35.7882754066996
35.7882754066996
35.7882754066996
35.7882754066996
35.7882754066996
35.7882754066996
35.7882754066996
35.7882754066996
35.7882754066996
35.7882754066996
35.7882754066996
35.7882754066996
35.7882754066996
35.7882754066996
35.7882754066996
35.7882754066996
35.7882754066996
35.7882754066996
35.7882754066996
35.7882754066996
35.7882754066996
35.7882754066996
35.7882754066996
35.7882754066996
35.7882754066996
35.7882754066996
35.7882754066996
35.7882754066996
35.7882754066996
35.7882754066996
35.7882754066996
35.7882754066996
35.7882754066996
35.7882754066996
35.7882754066996
35.7882754066996
35.7882754066996
35.7882754066996
35.7882754066996
35.7882754066996
35.7882754066996
35.7882754066996
35.7882754066996
35.7882754066996
35.7882754066996
35.7882754066996
35.7882754066996
35.7882754066996
35.7882754066996
35.7882754066996
35.7882754066996
35.7882754066996
35.7882754066996
35.7882754066996
35.7882754066996
35.7882754066996
35.7882754066996
35.7882754066996
35.7882754066996
35.7882754066996
35.7882754066996
35.7882754066996
35.7882754066996
35.7882754066996
35.7882754066996
35.7882754066996
35.7882754066996
41.271820082956154
41.271820082956154
41.271820082956154
41.271820082956154
41.271820082956154
41.271820082956154
41.271820082956154
41.271820082956154
41.271820082956154
41.271820082956154
41.271820082956154
41.271820082956154
41.271820082956154
41.271820082956154
41.271820082956154
41.271820082956154
41.271820082956154
41.271820082956154
41.271820082956154
41.271820082956154
41.271820082956154
41.271820082956154
41.271820082956154
41.271820082956154
41.271820082956154
41.271820082956154
41.271820082956154
41.271820082956154
41.271820082956154
41.271820082956154
41.271820082956154
41.271820082956154
41.271820082956154
41.271820082956154
41.271820082956154
41.271820082956154
41.271820082956154
41.271820082956154
41.271820082956154
41.271820082956154
41.271820082956154
41.271820082956154
41.271820082956154
41.271820082956154
41.271820082956154
41.271820082956154
41.271820082956154
41.271820082956154
41.271820082956154
41.271820082956154
41.271820082956154
41.271820082956154
41.271820082956154
41.271820082956154
41.271820082956154
41.271820082956154
41.271820082956154
41.271820082956154
41.271820082956154
41.271820082956154
41.271820082956154
41.271820082956154
41.271820082956154
41.271820082956154
41.271820082956154
41.271820082956154
41.271820082956154
41.271820082956154
41.271820082956154
41.271820082956154
41.271820082956154
41.271820082956154
41.271820082956154
41.271820082956154
41.271820082956154
41.271820082956154
41.271820082956154
41.271820082956154
41.271820082956154
41.271820082956154
41.271820082956154
41.271820082956154
41.271820082956154
41.271820082956154
41.271820082956154
41.271820082956154
41.271820082956154
41.271820082956154
41.271820082956154
41.271820082956154
41.271820082956154
41.271820082956154
41.271820082956154
41.271820082956154
41.271820082956154
41.271820082956154
41.271820082956154
41.271820082956154
41.271820082956154
41.271820082956154
41.271820082956154
41.271820082956154
41.271820082956154
41.271820082956154
41.271820082956154
41.271820082956154
41.271820082956154
41.271820082956154
41.271820082956154
41.271820082956154
41.271820082956154
41.271820082956154
41.271820082956154
41.271820082956154
41.271820082956154
41.271820082956154
41.271820082956154
41.271820082956154
41.271820082956154
41.271820082956154
41.271820082956154
41.271820082956154
41.271820082956154
41.271820082956154
41.271820082956154
41.271820082956154
41.271820082956154
41.271820082956154
41.271820082956154
41.271820082956154
41.271820082956154
41.271820082956154
41.271820082956154
41.271820082956154
41.271820082956154
41.271820082956154
41.271820082956154
41.271820082956154
41.271820082956154
41.271820082956154
41.271820082956154
41.271820082956154
41.271820082956154
41.271820082956154
41.271820082956154
41.271820082956154
41.271820082956154
41.271820082956154
41.271820082956154
41.271820082956154
41.271820082956154
41.271820082956154
41.271820082956154
41.271820082956154
41.271820082956154
41.271820082956154
41.271820082956154
41.271820082956154
41.271820082956154
41.271820082956154
41.271820082956154
41.271820082956154
41.271820082956154
41.271820082956154
41.271820082956154
41.271820082956154
41.271820082956154
41.271820082956154
41.271820082956154
41.271820082956154
41.271820082956154
41.271820082956154
41.271820082956154
41.271820082956154
41.271820082956154
41.271820082956154
41.271820082956154
41.271820082956154
41.271820082956154
41.271820082956154
41.271820082956154
41.271820082956154
41.271820082956154
41.271820082956154
41.271820082956154
42.32536417262779
42.32536417262779
42.32536417262779
42.32536417262779
42.32536417262779
42.32536417262779
42.32536417262779
42.32536417262779
42.32536417262779
42.32536417262779
42.32536417262779
42.32536417262779
42.32536417262779
42.32536417262779
42.32536417262779
42.32536417262779
42.32536417262779
42.32536417262779
42.32536417262779
42.32536417262779
42.32536417262779
42.32536417262779
42.32536417262779
42.32536417262779
42.32536417262779
42.32536417262779
42.32536417262779
42.32536417262779
42.32536417262779
42.32536417262779
42.32536417262779
42.32536417262779
42.32536417262779
42.32536417262779
42.32536417262779
42.32536417262779
42.32536417262779
42.32536417262779
42.32536417262779
42.32536417262779
42.32536417262779
42.32536417262779
42.32536417262779
42.32536417262779
42.81394255316367
42.81394255316367
42.81394255316367
42.81394255316367
42.81394255316367
42.81394255316367
42.81394255316367
42.81394255316367
42.81394255316367
42.81394255316367
42.81394255316367
42.81394255316367
42.81394255316367
42.81394255316367
42.81394255316367
42.81394255316367
42.81394255316367
42.81394255316367
42.81394255316367
42.81394255316367
42.81394255316367
42.81394255316367
42.81394255316367
42.81394255316367
42.81394255316367
42.81394255316367
42.81394255316367
42.81394255316367
42.81394255316367
42.81394255316367
42.81394255316367
42.81394255316367
42.81394255316367
42.81394255316367
42.81394255316367
42.81394255316367
42.81394255316367
43.11750729663047
43.11750729663047
43.11750729663047
43.11750729663047
43.11750729663047
43.11750729663047
43.11750729663047
43.11750729663047
43.11750729663047
43.11750729663047
43.11750729663047
43.51541550152631
43.51541550152631
43.51541550152631
43.51541550152631
43.51541550152631
43.51541550152631
43.51541550152631
43.51541550152631
43.51541550152631
43.51541550152631
43.51541550152631
43.51541550152631
43.51541550152631
43.51541550152631
43.51541550152631
43.51541550152631
43.51541550152631
43.51541550152631
43.51541550152631
43.51541550152631
43.51541550152631
0.6726638442816004
4.714842477174286
4.714842477174286
16.587135376486707
20.41495907750417
20.41495907750417
20.41495907750417
40.95098365806483
40.95098365806483
40.95098365806483
40.95098365806483
40.95098365806483
40.95098365806483
40.95098365806483
40.95098365806483
40.95098365806483
40.95098365806483
40.95098365806483
40.95098365806483
40.95098365806483
40.95098365806483
40.95098365806483
40.95098365806483
40.95098365806483
40.95098365806483
40.95098365806483
40.95098365806483
40.95098365806483
40.95098365806483
40.95098365806483
40.95098365806483
40.95098365806483
40.95098365806483
40.95098365806483
47.757616954422424
47.757616954422424
47.757616954422424
47.757616954422424
47.757616954422424
47.757616954422424
47.757616954422424
47.757616954422424
47.757616954422424
47.757616954422424
47.757616954422424
47.757616954422424
47.757616954422424
47.757616954422424
47.757616954422424
47.757616954422424
47.757616954422424
47.757616954422424
47.757616954422424
47.757616954422424
47.757616954422424
47.757616954422424
47.757616954422424
47.757616954422424
47.757616954422424
47.757616954422424
47.757616954422424
47.757616954422424
47.757616954422424
47.757616954422424
47.757616954422424
47.757616954422424
47.757616954422424
47.757616954422424
47.757616954422424
47.757616954422424
47.757616954422424
47.757616954422424
47.757616954422424
47.757616954422424
47.757616954422424
47.757616954422424
47.757616954422424
47.757616954422424
47.757616954422424
47.757616954422424
47.757616954422424
47.757616954422424
47.757616954422424
47.757616954422424
47.757616954422424
47.757616954422424
47.757616954422424
47.757616954422424
47.757616954422424
47.757616954422424
47.757616954422424
47.757616954422424
47.757616954422424
47.757616954422424
47.757616954422424
47.757616954422424
47.757616954422424
47.757616954422424
47.757616954422424
47.757616954422424
47.757616954422424
47.757616954422424
47.757616954422424
47.757616954422424
47.757616954422424
47.757616954422424
47.757616954422424
47.757616954422424
47.757616954422424
47.757616954422424
47.757616954422424
47.757616954422424
47.757616954422424
47.757616954422424
47.757616954422424
47.757616954422424
47.757616954422424
47.757616954422424
47.757616954422424
47.757616954422424
47.757616954422424
47.757616954422424
47.757616954422424
47.757616954422424
47.757616954422424
47.757616954422424
47.757616954422424
47.757616954422424
47.757616954422424
47.757616954422424
47.757616954422424
47.757616954422424
47.757616954422424
47.757616954422424
47.757616954422424
47.757616954422424
47.757616954422424
47.757616954422424
47.757616954422424
47.757616954422424
47.757616954422424
47.757616954422424
47.757616954422424
47.757616954422424
47.757616954422424
47.757616954422424
47.757616954422424
47.757616954422424
47.757616954422424
47.757616954422424
47.757616954422424
47.757616954422424
47.757616954422424
47.757616954422424
47.757616954422424
47.757616954422424
47.757616954422424
47.757616954422424
47.757616954422424
47.757616954422424
47.757616954422424
47.757616954422424
47.757616954422424
47.757616954422424
47.757616954422424
47.757616954422424
47.757616954422424
47.757616954422424
47.757616954422424
47.757616954422424
47.757616954422424
47.757616954422424
47.757616954422424
47.757616954422424
47.757616954422424
47.757616954422424
47.757616954422424
47.757616954422424
47.757616954422424
47.757616954422424
47.757616954422424
47.757616954422424
47.757616954422424
47.757616954422424
47.757616954422424
47.757616954422424
47.757616954422424
47.757616954422424
47.757616954422424
47.757616954422424
47.757616954422424
47.757616954422424
47.757616954422424
47.757616954422424
47.757616954422424
47.757616954422424
47.757616954422424
47.757616954422424
47.757616954422424
47.757616954422424
47.757616954422424
47.757616954422424
47.757616954422424
47.757616954422424
47.757616954422424
47.757616954422424
47.757616954422424
47.757616954422424
47.757616954422424
47.757616954422424
47.757616954422424
47.757616954422424
47.757616954422424
47.757616954422424
47.757616954422424
47.757616954422424
47.757616954422424
47.757616954422424
47.757616954422424
47.757616954422424
47.757616954422424
47.757616954422424
47.757616954422424
47.757616954422424
47.757616954422424
47.757616954422424
47.757616954422424
52.38841248195605
52.38841248195605
52.38841248195605
52.38841248195605
52.38841248195605
52.38841248195605
52.38841248195605
52.38841248195605
52.38841248195605
52.38841248195605
52.38841248195605
52.38841248195605
52.38841248195605
52.38841248195605
52.38841248195605
52.38841248195605
52.38841248195605
52.38841248195605
52.38841248195605
52.38841248195605
52.38841248195605
52.38841248195605
52.38841248195605
52.38841248195605
52.38841248195605
52.38841248195605
52.38841248195605
52.38841248195605
52.38841248195605
52.38841248195605
52.38841248195605
52.38841248195605
52.38841248195605
52.38841248195605
52.38841248195605
52.38841248195605
52.38841248195605
52.38841248195605
52.38841248195605
52.38841248195605
52.38841248195605
52.38841248195605
52.38841248195605
52.38841248195605
52.38841248195605
52.38841248195605
52.38841248195605
52.38841248195605
52.38841248195605
52.38841248195605
52.38841248195605
52.38841248195605
52.38841248195605
52.38841248195605
52.38841248195605
52.38841248195605
52.38841248195605
52.38841248195605
52.38841248195605
52.38841248195605
52.38841248195605
52.38841248195605
52.38841248195605
52.38841248195605
52.38841248195605
52.38841248195605
52.38841248195605
52.38841248195605
52.38841248195605
52.38841248195605
52.38841248195605
52.38841248195605
52.38841248195605
52.38841248195605
52.38841248195605
52.38841248195605
52.38841248195605
52.38841248195605
52.38841248195605
52.38841248195605
52.38841248195605
52.38841248195605
52.38841248195605
52.38841248195605
52.38841248195605
52.38841248195605
52.38841248195605
52.38841248195605
52.38841248195605
52.38841248195605
52.38841248195605
52.38841248195605
52.38841248195605
52.38841248195605
52.38841248195605
52.38841248195605
52.38841248195605
52.38841248195605
52.38841248195605
52.38841248195605
52.38841248195605
52.38841248195605
52.38841248195605
52.38841248195605
52.38841248195605
52.38841248195605
52.38841248195605
52.38841248195605
52.38841248195605
52.38841248195605
52.38841248195605
52.38841248195605
52.38841248195605
52.38841248195605
52.38841248195605
52.38841248195605
52.38841248195605
52.38841248195605
52.38841248195605
52.38841248195605
52.38841248195605
52.38841248195605
52.38841248195605
52.38841248195605
52.38841248195605
52.38841248195605
52.38841248195605
52.38841248195605
52.38841248195605
52.38841248195605
52.38841248195605
52.38841248195605
52.38841248195605
52.38841248195605
52.38841248195605
52.38841248195605
52.38841248195605
52.38841248195605
52.38841248195605
52.38841248195605
52.38841248195605
52.38841248195605
52.38841248195605
52.38841248195605
52.38841248195605
52.38841248195605
52.38841248195605
52.38841248195605
52.38841248195605
52.38841248195605
52.38841248195605
52.38841248195605
52.38841248195605
52.38841248195605
52.38841248195605
52.38841248195605
52.38841248195605
52.38841248195605
52.38841248195605
52.38841248195605
52.38841248195605
52.38841248195605
52.38841248195605
52.38841248195605
52.38841248195605
52.38841248195605
52.38841248195605
52.38841248195605
52.38841248195605
52.38841248195605
52.38841248195605
52.38841248195605
52.38841248195605
52.38841248195605
52.38841248195605
52.38841248195605
52.38841248195605
52.38841248195605
52.38841248195605
52.38841248195605
52.38841248195605
52.38841248195605
52.38841248195605
52.38841248195605
52.38841248195605
52.38841248195605
52.38841248195605
52.38841248195605
52.38841248195605
52.38841248195605
52.38841248195605
52.38841248195605
52.38841248195605
52.38841248195605
52.38841248195605
52.38841248195605
52.38841248195605
52.38841248195605
52.38841248195605
52.38841248195605
52.38841248195605
52.38841248195605
52.38841248195605
52.38841248195605
52.38841248195605
52.38841248195605
52.38841248195605
52.38841248195605
52.38841248195605
52.38841248195605
52.38841248195605
52.38841248195605
52.38841248195605
52.38841248195605
52.38841248195605
52.38841248195605
52.38841248195605
52.38841248195605
52.38841248195605
52.38841248195605
52.38841248195605
52.38841248195605
52.38841248195605
52.38841248195605
52.38841248195605
52.38841248195605
52.38841248195605
52.38841248195605
52.38841248195605
52.38841248195605
52.38841248195605
52.38841248195605
52.38841248195605
52.38841248195605
52.38841248195605
52.38841248195605
52.38841248195605
52.38841248195605
52.38841248195605
52.38841248195605
52.38841248195605
52.38841248195605
52.38841248195605
52.38841248195605
52.38841248195605
52.63805960173406
52.63805960173406
52.63805960173406
52.63805960173406
52.63805960173406
52.63805960173406
52.63805960173406
52.63805960173406
52.63805960173406
52.63805960173406
52.63805960173406
52.63805960173406
52.63805960173406
52.63805960173406
52.63805960173406
52.63805960173406
52.63805960173406
52.63805960173406
52.63805960173406
52.63805960173406
52.63805960173406
52.958406893084245
52.98940616045995
52.98940616045995
52.98940616045995
52.98940616045995
52.98940616045995
52.98940616045995
52.98940616045995
4.905233807372254
4.905233807372254
4.905233807372254
10.378727179197432
10.378727179197432
15.126339272080854
15.126339272080854
15.126339272080854
15.126339272080854
15.126339272080854
15.608832927639881
15.608832927639881
15.608832927639881
15.608832927639881
15.608832927639881
15.608832927639881
15.608832927639881
15.72492025620913
17.32647176114935
17.32647176114935
17.32647176114935
17.32647176114935
17.32647176114935
17.32647176114935
17.32647176114935
17.32647176114935
28.005030873808984
28.005030873808984
28.005030873808984
28.005030873808984
28.005030873808984
28.005030873808984
28.005030873808984
28.005030873808984
28.005030873808984
28.005030873808984
28.005030873808984
28.005030873808984
28.005030873808984
28.005030873808984
28.005030873808984
28.005030873808984
28.005030873808984
28.005030873808984
28.005030873808984
28.005030873808984
32.38970571500013
34.083272564353
34.083272564353
34.083272564353
34.083272564353
34.083272564353
34.083272564353
35.92509501651186
35.92509501651186
35.92509501651186
35.92509501651186
35.92509501651186
46.844315500859075
46.844315500859075
46.844315500859075
46.844315500859075
47.42526882254053
51.825407496116696
51.825407496116696
51.825407496116696
51.825407496116696
51.825407496116696
51.825407496116696
51.825407496116696
51.825407496116696
51.825407496116696
51.825407496116696
51.825407496116696
51.825407496116696
51.825407496116696
51.825407496116696
51.825407496116696
51.825407496116696
51.825407496116696
51.825407496116696
51.825407496116696
51.825407496116696
52.38506989021605
52.38506989021605
52.38506989021605
52.38506989021605
52.38506989021605
52.38506989021605
52.38506989021605
52.38506989021605
52.38506989021605
52.38506989021605
52.38506989021605
52.38506989021605
52.38506989021605
52.38506989021605
52.38506989021605
52.38506989021605
52.38506989021605
52.38506989021605
52.38506989021605
52.38506989021605
52.38506989021605
52.38506989021605
52.38506989021605
54.8360966689427
54.8360966689427
54.8360966689427
54.8360966689427
54.8360966689427
54.8360966689427
54.8360966689427
54.8360966689427
54.8360966689427
54.8360966689427
54.8360966689427
54.8360966689427
54.8360966689427
54.8360966689427
54.8360966689427
54.8360966689427
54.8360966689427
54.8360966689427
59.92729510774795
59.92729510774795
59.92729510774795
59.92729510774795
59.92729510774795
59.92729510774795
59.92729510774795
59.92729510774795
59.92729510774795
59.92729510774795
59.92729510774795
59.92729510774795
62.46960577920668
62.46960577920668
62.46960577920668
62.46960577920668
62.46960577920668
62.46960577920668
62.46960577920668
62.46960577920668
62.46960577920668
62.46960577920668
62.46960577920668
62.46960577920668
62.46960577920668
62.46960577920668
62.46960577920668
62.46960577920668
62.46960577920668
62.46960577920668
62.46960577920668
62.46960577920668
62.46960577920668
62.46960577920668
62.46960577920668
62.46960577920668
62.46960577920668
62.46960577920668
62.46960577920668
62.46960577920668
62.46960577920668
62.46960577920668
62.46960577920668
62.46960577920668
62.46960577920668
62.46960577920668
62.46960577920668
62.46960577920668
62.46960577920668
62.46960577920668
62.46960577920668
62.46960577920668
62.46960577920668
62.46960577920668
62.46960577920668
62.46960577920668
62.46960577920668
62.46960577920668
62.46960577920668
62.46960577920668
62.46960577920668
62.46960577920668
62.46960577920668
62.46960577920668
62.46960577920668
62.46960577920668
62.46960577920668
62.46960577920668
62.46960577920668
62.46960577920668
62.46960577920668
62.46960577920668
62.46960577920668
62.46960577920668
62.46960577920668
62.46960577920668
62.46960577920668
62.46960577920668
62.46960577920668
62.46960577920668
62.46960577920668
62.46960577920668
62.46960577920668
62.46960577920668
62.46960577920668
62.46960577920668
62.46960577920668
62.46960577920668
62.46960577920668
62.46960577920668
62.46960577920668
62.46960577920668
62.46960577920668
62.46960577920668
62.46960577920668
62.46960577920668
62.46960577920668
62.46960577920668
62.46960577920668
62.46960577920668
62.46960577920668
62.46960577920668
62.46960577920668
62.46960577920668
62.46960577920668
62.46960577920668
62.46960577920668
62.46960577920668
62.46960577920668
62.46960577920668
72.08223286271247
72.08223286271247
72.08223286271247
72.08223286271247
72.08223286271247
72.08223286271247
72.43910416814282
72.43910416814282
72.43910416814282
72.43910416814282
72.43910416814282
72.43910416814282
72.43910416814282
72.43910416814282
72.43910416814282
72.43910416814282
72.43910416814282
72.43910416814282
72.43910416814282
72.43910416814282
72.43910416814282
72.43910416814282
72.43910416814282
72.43910416814282
72.43910416814282
72.43910416814282
72.43910416814282
72.43910416814282
72.43910416814282
72.43910416814282
72.43910416814282
72.43910416814282
72.43910416814282
72.43910416814282
72.43910416814282
72.43910416814282
72.43910416814282
72.43910416814282
72.43910416814282
72.43910416814282
72.43910416814282
72.43910416814282
72.43910416814282
72.43910416814282
72.43910416814282
72.43910416814282
72.43910416814282
72.43910416814282
72.43910416814282
72.43910416814282
72.43910416814282
72.43910416814282
72.43910416814282
72.43910416814282
72.43910416814282
72.43910416814282
72.43910416814282
72.43910416814282
72.43910416814282
72.43910416814282
72.43910416814282
72.43910416814282
72.43910416814282
72.43910416814282
72.43910416814282
72.43910416814282
72.43910416814282
72.43910416814282
72.43910416814282
72.43910416814282
72.43910416814282
72.43910416814282
72.43910416814282
72.43910416814282
72.43910416814282
72.43910416814282
72.43910416814282
72.43910416814282
72.43910416814282
72.43910416814282
72.43910416814282
72.43910416814282
72.43910416814282
72.43910416814282
72.43910416814282
72.43910416814282
72.43910416814282
72.43910416814282
72.43910416814282
72.43910416814282
72.43910416814282
72.43910416814282
72.43910416814282
72.43910416814282
72.43910416814282
72.43910416814282
72.43910416814282
72.43910416814282
72.43910416814282
72.43910416814282
72.43910416814282
72.43910416814282
72.43910416814282
72.43910416814282
72.43910416814282
72.43910416814282
72.43910416814282
72.43910416814282
72.43910416814282
72.43910416814282
72.43910416814282
72.43910416814282
72.43910416814282
72.43910416814282
72.43910416814282
72.43910416814282
72.43910416814282
72.43910416814282
72.43910416814282
72.43910416814282
72.43910416814282
72.43910416814282
72.43910416814282
72.43910416814282
72.43910416814282
72.43910416814282
72.43910416814282
72.43910416814282
72.43910416814282
72.43910416814282
72.43910416814282
72.43910416814282
72.43910416814282
72.43910416814282
72.43910416814282
72.43910416814282
72.43910416814282
72.43910416814282
79.76949996054279
79.76949996054279
79.76949996054279
79.76949996054279
79.76949996054279
79.76949996054279
79.76949996054279
79.76949996054279
79.76949996054279
79.76949996054279
79.76949996054279
79.76949996054279
79.76949996054279
79.76949996054279
79.76949996054279
79.76949996054279
79.76949996054279
79.76949996054279
79.76949996054279
79.76949996054279
79.76949996054279
79.76949996054279
79.76949996054279
79.76949996054279
79.76949996054279
79.76949996054279
79.76949996054279
79.76949996054279
79.76949996054279
79.76949996054279
79.76949996054279
79.76949996054279
79.76949996054279
79.76949996054279
79.76949996054279
79.76949996054279
79.76949996054279
79.76949996054279
79.76949996054279
79.76949996054279
79.76949996054279
79.76949996054279
79.76949996054279
79.76949996054279
79.76949996054279
79.76949996054279
79.76949996054279
79.76949996054279
79.76949996054279
79.76949996054279
79.76949996054279
79.76949996054279
79.76949996054279
79.76949996054279
79.76949996054279
79.76949996054279
81.84049589965822
82.98598135511494
82.98598135511494
84.19363769722281
84.19363769722281
84.19363769722281
84.19363769722281
84.19363769722281
84.19363769722281
84.19363769722281
86.2040211395565
86.2040211395565
86.2040211395565
86.2040211395565
86.2040211395565
86.2040211395565
86.2040211395565
86.2040211395565
86.2040211395565
86.2040211395565
86.2040211395565
86.2040211395565
86.2040211395565
86.2040211395565
86.2040211395565
86.2040211395565
90.12917552757075
90.12917552757075
90.12917552757075
90.12917552757075
90.12917552757075
90.12917552757075
90.12917552757075
90.12917552757075
90.12917552757075
90.12917552757075
90.12917552757075
90.12917552757075
90.12917552757075
90.12917552757075
90.12917552757075
90.12917552757075
90.12917552757075
90.12917552757075
90.12917552757075
90.12917552757075
90.12917552757075
90.12917552757075
90.12917552757075
90.12917552757075
90.12917552757075
90.12917552757075
90.12917552757075
90.12917552757075
90.12917552757075
90.12917552757075
94.2552589936691
94.2552589936691
94.2552589936691
94.2552589936691
94.2552589936691
94.2552589936691
94.2552589936691
94.2552589936691
94.2552589936691
94.2552589936691
94.2552589936691
94.2552589936691
94.2552589936691
94.2552589936691
94.2552589936691
94.2552589936691
94.2552589936691
10.771485475727287
10.771485475727287
10.771485475727287
10.771485475727287
10.771485475727287
10.771485475727287
14.760617965029038
14.760617965029038
23.935544445320712
23.935544445320712
25.686918025981647
25.686918025981647
25.686918025981647
25.686918025981647
25.686918025981647
25.686918025981647
26.09318360007216
26.09318360007216
26.09318360007216
26.09318360007216
31.531469912515796
31.531469912515796
31.531469912515796
31.531469912515796
31.531469912515796
31.531469912515796
31.531469912515796
31.531469912515796
31.531469912515796
31.531469912515796
31.531469912515796
31.531469912515796
31.531469912515796
31.531469912515796
31.531469912515796
31.531469912515796
31.531469912515796
31.531469912515796
31.531469912515796
31.531469912515796
31.531469912515796
31.531469912515796
31.531469912515796
31.531469912515796
31.531469912515796
31.531469912515796
31.531469912515796
31.531469912515796
31.531469912515796
31.531469912515796
31.531469912515796
31.531469912515796
31.531469912515796
31.531469912515796
31.531469912515796
31.531469912515796
31.531469912515796
31.531469912515796
31.531469912515796
31.531469912515796
37.09229866662604
37.09229866662604
37.09229866662604
37.09229866662604
37.09229866662604
37.09229866662604
37.09229866662604
37.09229866662604
37.09229866662604
37.09229866662604
37.09229866662604
37.09229866662604
37.09229866662604
37.09229866662604
37.85076772102868
37.85076772102868
37.85076772102868
37.85076772102868
37.85076772102868
37.85076772102868
37.85076772102868
37.85076772102868
37.85076772102868
37.85076772102868
37.85076772102868
37.85076772102868
37.85076772102868
37.85076772102868
37.85076772102868
37.85076772102868
37.85076772102868
37.85076772102868
37.85076772102868
37.85076772102868
37.85076772102868
37.85076772102868
37.85076772102868
37.85076772102868
37.85076772102868
37.85076772102868
37.85076772102868
37.85076772102868
37.85076772102868
37.85076772102868
37.85076772102868
37.85076772102868
37.85076772102868
37.85076772102868
37.85076772102868
37.85076772102868
37.85076772102868
37.85076772102868
37.85076772102868
37.85076772102868
37.85076772102868
37.85076772102868
37.85076772102868
37.85076772102868
37.85076772102868
37.85076772102868
37.85076772102868
37.85076772102868
37.85076772102868
37.85076772102868
37.85076772102868
37.85076772102868
37.85076772102868
37.85076772102868
37.85076772102868
37.85076772102868
37.85076772102868
37.85076772102868
37.85076772102868
37.85076772102868
37.85076772102868
37.85076772102868
37.85076772102868
37.85076772102868
37.85076772102868
37.85076772102868
40.66876404279305
40.66876404279305
40.66876404279305
40.66876404279305
40.66876404279305
40.66876404279305
40.66876404279305
40.66876404279305
40.66876404279305
40.66876404279305
40.66876404279305
40.66876404279305
40.66876404279305
40.66876404279305
40.66876404279305
40.66876404279305
40.66876404279305
40.66876404279305
40.66876404279305
40.66876404279305
40.66876404279305
40.66876404279305
42.0492096735845
43.94069056173773
44.088415072952394
44.088415072952394
44.088415072952394
44.088415072952394
44.088415072952394
44.088415072952394
44.088415072952394
44.088415072952394
44.088415072952394
44.088415072952394
44.088415072952394
44.088415072952394
44.088415072952394
44.088415072952394
44.088415072952394
44.088415072952394
44.088415072952394
44.088415072952394
44.088415072952394
44.088415072952394
44.088415072952394
44.088415072952394
44.088415072952394
44.088415072952394
44.088415072952394
44.088415072952394
44.088415072952394
44.088415072952394
44.088415072952394
44.088415072952394
44.088415072952394
44.088415072952394
44.088415072952394
44.088415072952394
44.088415072952394
44.088415072952394
46.23564152937422
46.23564152937422
46.23564152937422
46.23564152937422
46.23564152937422
46.23564152937422
46.23564152937422
46.23564152937422
46.23564152937422
46.23564152937422
46.23564152937422
46.23564152937422
46.23564152937422
46.23564152937422
46.23564152937422
46.23564152937422
46.23564152937422
46.23564152937422
46.23564152937422
46.23564152937422
46.23564152937422
46.23564152937422
46.23564152937422
46.23564152937422
46.23564152937422
46.23564152937422
46.23564152937422
46.23564152937422
46.23564152937422
46.23564152937422
46.23564152937422
46.23564152937422
46.23564152937422
46.23564152937422
46.23564152937422
46.23564152937422
46.23564152937422
46.23564152937422
46.23564152937422
46.23564152937422
46.23564152937422
46.23564152937422
46.23564152937422
46.23564152937422
46.23564152937422
46.23564152937422
46.23564152937422
46.23564152937422
46.23564152937422
46.23564152937422
46.23564152937422
46.23564152937422
46.23564152937422
46.23564152937422
46.23564152937422
46.23564152937422
46.23564152937422
46.23564152937422
46.23564152937422
46.23564152937422
46.23564152937422
46.23564152937422
46.23564152937422
46.23564152937422
46.23564152937422
46.23564152937422
46.23564152937422
46.23564152937422
46.23564152937422
46.23564152937422
46.23564152937422
46.23564152937422
46.23564152937422
46.23564152937422
46.23564152937422
46.23564152937422
46.23564152937422
46.23564152937422
46.23564152937422
46.23564152937422
46.23564152937422
46.23564152937422
46.23564152937422
46.23564152937422
46.23564152937422
46.23564152937422
46.23564152937422
46.23564152937422
46.23564152937422
46.23564152937422
46.23564152937422
46.23564152937422
46.23564152937422
46.23564152937422
46.23564152937422
46.23564152937422
46.23564152937422
46.23564152937422
46.23564152937422
46.23564152937422
46.23564152937422
46.23564152937422
46.23564152937422
46.23564152937422
46.23564152937422
46.23564152937422
46.23564152937422
46.23564152937422
46.23564152937422
46.23564152937422
46.23564152937422
46.23564152937422
46.23564152937422
46.23564152937422
46.23564152937422
46.23564152937422
46.23564152937422
46.23564152937422
46.23564152937422
46.23564152937422
46.23564152937422
46.23564152937422
46.23564152937422
46.23564152937422
46.23564152937422
46.23564152937422
46.23564152937422
46.23564152937422
46.23564152937422
46.23564152937422
46.23564152937422
46.23564152937422
46.23564152937422
46.23564152937422
46.23564152937422
46.23564152937422
46.23564152937422
46.23564152937422
46.23564152937422
46.23564152937422
46.23564152937422
46.23564152937422
46.23564152937422
46.23564152937422
46.23564152937422
46.23564152937422
46.23564152937422
46.23564152937422
46.23564152937422
46.23564152937422
46.23564152937422
46.23564152937422
46.23564152937422
46.23564152937422
46.23564152937422
46.23564152937422
46.23564152937422
46.23564152937422
46.23564152937422
46.23564152937422
46.23564152937422
46.23564152937422
46.23564152937422
46.23564152937422
46.23564152937422
46.23564152937422
46.23564152937422
46.23564152937422
46.23564152937422
46.23564152937422
46.23564152937422
46.23564152937422
46.23564152937422
46.23564152937422
46.23564152937422
46.23564152937422
46.23564152937422
46.23564152937422
46.23564152937422
46.23564152937422
46.23564152937422
46.23564152937422
46.23564152937422
46.23564152937422
46.23564152937422
46.23564152937422
46.23564152937422
46.23564152937422
46.23564152937422
46.23564152937422
46.23564152937422
46.23564152937422
46.23564152937422
46.23564152937422
46.23564152937422
46.23564152937422
46.23564152937422
46.23564152937422
46.23564152937422
46.23564152937422
46.23564152937422
46.23564152937422
46.23564152937422
46.23564152937422
46.23564152937422
46.23564152937422
46.23564152937422
46.23564152937422
46.23564152937422
46.23564152937422
46.23564152937422
46.23564152937422
46.23564152937422
46.23564152937422
46.23564152937422
46.23564152937422
46.23564152937422
46.23564152937422
46.23564152937422
46.23564152937422
46.23564152937422
46.23564152937422
46.23564152937422
46.23564152937422
46.23564152937422
46.23564152937422
46.23564152937422
46.23564152937422
46.23564152937422
46.23564152937422
46.23564152937422
46.23564152937422
46.23564152937422
46.23564152937422
46.23564152937422
46.23564152937422
46.23564152937422
46.23564152937422
46.23564152937422
46.23564152937422
46.23564152937422
46.23564152937422
46.23564152937422
46.23564152937422
46.23564152937422
46.23564152937422
46.23564152937422
46.23564152937422
46.23564152937422
46.23564152937422
46.23564152937422
46.23564152937422
46.23564152937422
46.23564152937422
46.23564152937422
46.23564152937422
46.23564152937422
46.23564152937422
46.23564152937422
46.23564152937422
46.23564152937422
46.23564152937422
46.23564152937422
46.23564152937422
46.23564152937422
46.23564152937422
46.23564152937422
46.23564152937422
46.23564152937422
46.23564152937422
46.23564152937422
46.23564152937422
46.23564152937422
46.23564152937422
46.23564152937422
46.23564152937422
46.23564152937422
46.23564152937422
46.23564152937422
46.23564152937422
46.23564152937422
46.23564152937422
46.23564152937422
46.23564152937422
46.23564152937422
46.23564152937422
46.23564152937422
46.23564152937422
46.23564152937422
46.23564152937422
46.23564152937422
46.23564152937422
46.23564152937422
46.23564152937422
46.23564152937422
46.23564152937422
46.23564152937422
46.23564152937422
46.23564152937422
46.23564152937422
46.23564152937422
