4.178283448516416
23.794738059847816
27.569639723670697
27.569639723670697
40.208764040906416
40.208764040906416
40.208764040906416
40.208764040906416
40.208764040906416
40.208764040906416
40.208764040906416
40.208764040906416
40.208764040906416
40.208764040906416
40.208764040906416
40.208764040906416
40.208764040906416
40.208764040906416
40.208764040906416
40.208764040906416
40.208764040906416
40.208764040906416
40.208764040906416
40.208764040906416
40.208764040906416
40.208764040906416
40.208764040906416
40.208764040906416
40.208764040906416
40.208764040906416
40.208764040906416
40.208764040906416
40.208764040906416
44.68865923064223
44.68865923064223
44.68865923064223
44.68865923064223
44.68865923064223
44.68865923064223
44.68865923064223
44.68865923064223
44.68865923064223
53.615912848258986
53.615912848258986
53.615912848258986
53.615912848258986
53.615912848258986
53.615912848258986
53.615912848258986
53.615912848258986
53.615912848258986
53.615912848258986
53.615912848258986
53.615912848258986
53.615912848258986
53.615912848258986
53.615912848258986
53.615912848258986
53.615912848258986
53.615912848258986
53.615912848258986
53.615912848258986
53.615912848258986
53.615912848258986
53.615912848258986
53.615912848258986
53.615912848258986
53.615912848258986
53.615912848258986
53.615912848258986
53.615912848258986
53.615912848258986
53.615912848258986
53.615912848258986
53.615912848258986
53.615912848258986
53.615912848258986
53.615912848258986
53.615912848258986
53.615912848258986
53.615912848258986
53.615912848258986
53.615912848258986
53.615912848258986
53.615912848258986
53.615912848258986
53.615912848258986
53.615912848258986
53.615912848258986
53.615912848258986
53.615912848258986
53.615912848258986
53.615912848258986
53.615912848258986
53.615912848258986
55.43579905550955
55.43579905550955
55.43579905550955
55.43579905550955
55.43579905550955
55.43579905550955
55.43579905550955
55.43579905550955
55.43579905550955
57.40212541962639
57.40212541962639
57.40212541962639
57.40212541962639
57.40212541962639
57.40212541962639
57.40212541962639
57.40212541962639
57.40212541962639
57.40212541962639
57.40212541962639
57.40212541962639
57.40212541962639
57.40212541962639
57.40212541962639
57.40212541962639
57.40212541962639
57.40212541962639
57.40212541962639
57.40212541962639
57.40212541962639
57.40212541962639
57.40212541962639
57.40212541962639
57.40212541962639
57.40212541962639
57.40212541962639
57.40212541962639
57.40212541962639
57.40212541962639
57.40212541962639
57.40212541962639
57.40212541962639
57.40212541962639
57.40212541962639
57.40212541962639
57.40212541962639
57.40212541962639
57.40212541962639
57.40212541962639
57.40212541962639
57.40212541962639
57.40212541962639
57.40212541962639
57.40212541962639
57.40212541962639
57.40212541962639
57.40212541962639
57.40212541962639
57.40212541962639
57.40212541962639
57.40212541962639
57.40212541962639
57.40212541962639
57.40212541962639
57.40212541962639
57.40212541962639
57.40212541962639
57.40212541962639
57.40212541962639
57.40212541962639
57.40212541962639
57.40212541962639
57.40212541962639
57.40212541962639
57.40212541962639
57.40212541962639
57.40212541962639
57.40212541962639
57.40212541962639
57.40212541962639
57.40212541962639
57.40212541962639
57.40212541962639
57.40212541962639
57.40212541962639
57.40212541962639
57.40212541962639
57.40212541962639
57.40212541962639
57.40212541962639
57.40212541962639
57.40212541962639
57.40212541962639
57.40212541962639
57.40212541962639
57.40212541962639
57.40212541962639
57.40212541962639
57.40212541962639
57.40212541962639
57.40212541962639
57.40212541962639
57.40212541962639
57.40212541962639
57.40212541962639
57.40212541962639
57.40212541962639
57.40212541962639
57.40212541962639
57.40212541962639
57.40212541962639
57.40212541962639
57.40212541962639
57.40212541962639
57.40212541962639
57.40212541962639
57.40212541962639
57.40212541962639
57.40212541962639
57.40212541962639
57.40212541962639
57.40212541962639
57.40212541962639
57.40212541962639
57.40212541962639
57.40212541962639
57.40212541962639
57.40212541962639
57.40212541962639
57.40212541962639
57.40212541962639
57.40212541962639
57.40212541962639
57.40212541962639
61.45721888511383
61.45721888511383
61.45721888511383
62.325273411276584
62.325273411276584
62.325273411276584
62.325273411276584
62.325273411276584
62.325273411276584
62.325273411276584
62.325273411276584
62.325273411276584
62.325273411276584
62.325273411276584
62.325273411276584
62.325273411276584
62.325273411276584
62.325273411276584
62.325273411276584
62.325273411276584
62.325273411276584
62.325273411276584
62.325273411276584
62.325273411276584
62.325273411276584
62.325273411276584
62.325273411276584
62.325273411276584
62.325273411276584
62.325273411276584
62.325273411276584
62.325273411276584
62.325273411276584
62.325273411276584
62.325273411276584
62.325273411276584
62.325273411276584
62.325273411276584
62.325273411276584
62.325273411276584
62.325273411276584
62.325273411276584
62.325273411276584
62.325273411276584
62.325273411276584
62.325273411276584
62.325273411276584
63.07953479613492
63.07953479613492
63.07953479613492
63.07953479613492
63.07953479613492
63.07953479613492
63.07953479613492
63.07953479613492
63.07953479613492
63.07953479613492
63.07953479613492
63.07953479613492
64.43252517148225
64.43252517148225
64.43252517148225
64.43252517148225
64.43252517148225
64.43252517148225
64.43252517148225
64.43252517148225
64.43252517148225
64.43252517148225
64.43252517148225
64.43252517148225
64.43252517148225
64.43252517148225
64.43252517148225
64.43252517148225
64.43252517148225
64.43252517148225
64.43252517148225
65.17741544023592
65.17741544023592
65.17741544023592
65.18110992122268
65.18110992122268
65.18110992122268
65.18110992122268
65.18110992122268
65.18110992122268
65.18110992122268
67.38071786752467
67.38071786752467
67.38071786752467
67.38071786752467
67.38071786752467
67.38071786752467
67.38071786752467
67.38071786752467
67.38071786752467
67.38071786752467
67.38071786752467
67.38071786752467
67.38071786752467
67.38071786752467
67.38071786752467
67.38071786752467
67.38071786752467
67.38071786752467
67.38071786752467
67.38071786752467
67.38071786752467
67.38071786752467
67.38071786752467
67.38071786752467
67.38071786752467
67.38071786752467
67.38071786752467
67.38071786752467
67.38071786752467
67.38071786752467
67.38071786752467
67.38071786752467
67.38071786752467
67.38071786752467
67.38071786752467
67.38071786752467
67.38071786752467
67.38071786752467
67.38071786752467
67.38071786752467
67.38071786752467
67.38071786752467
67.38071786752467
67.38071786752467
67.38071786752467
67.38071786752467
67.38071786752467
67.38071786752467
67.38071786752467
67.38071786752467
67.38071786752467
67.38071786752467
67.38071786752467
67.38071786752467
67.38071786752467
67.38071786752467
68.02860651695516
68.02860651695516
68.02860651695516
68.02860651695516
68.02860651695516
68.02860651695516
68.02860651695516
68.02860651695516
68.02860651695516
68.02860651695516
68.02860651695516
68.02860651695516
68.02860651695516
68.02860651695516
68.02860651695516
68.02860651695516
68.02860651695516
68.02860651695516
68.02860651695516
68.02860651695516
68.02860651695516
68.02860651695516
68.02860651695516
68.02860651695516
68.02860651695516
68.02860651695516
68.02860651695516
68.02860651695516
68.02860651695516
68.02860651695516
68.02860651695516
68.02860651695516
68.02860651695516
68.02860651695516
68.02860651695516
68.02860651695516
68.02860651695516
68.02860651695516
68.02860651695516
68.02860651695516
68.02860651695516
68.02860651695516
70.75772013536715
70.75772013536715
70.75772013536715
70.75772013536715
70.75772013536715
70.75772013536715
70.75772013536715
70.75772013536715
70.75772013536715
70.75772013536715
70.75772013536715
70.75772013536715
70.75772013536715
70.75772013536715
70.75772013536715
70.75772013536715
70.75772013536715
70.75772013536715
70.75772013536715
70.75772013536715
70.75772013536715
70.75772013536715
70.75772013536715
70.75772013536715
70.75772013536715
70.75772013536715
70.75772013536715
70.75772013536715
70.75772013536715
70.75772013536715
70.75772013536715
70.75772013536715
70.75772013536715
70.75772013536715
70.75772013536715
70.75772013536715
70.75772013536715
70.75772013536715
70.75772013536715
70.75772013536715
70.75772013536715
70.75772013536715
70.75772013536715
70.75772013536715
70.75772013536715
70.75772013536715
70.75772013536715
70.75772013536715
70.75772013536715
70.75772013536715
70.75772013536715
70.75772013536715
70.75772013536715
70.75772013536715
70.75772013536715
70.75772013536715
70.75772013536715
70.75772013536715
70.75772013536715
70.75772013536715
70.75772013536715
70.75772013536715
70.75772013536715
70.75772013536715
70.75772013536715
70.75772013536715
70.75772013536715
70.75772013536715
70.75772013536715
70.75772013536715
70.75772013536715
70.75772013536715
70.75772013536715
70.75772013536715
70.75772013536715
70.75772013536715
70.75772013536715
70.75772013536715
70.75772013536715
70.75772013536715
70.75772013536715
70.75772013536715
70.75772013536715
70.75772013536715
70.75772013536715
70.75772013536715
23.44223815301365
32.88403278420261
32.88403278420261
32.88403278420261
33.74401541702365
33.74401541702365
33.74401541702365
36.66833099529733
36.66833099529733
36.66833099529733
56.41152572594615
56.41152572594615
56.41152572594615
56.41152572594615
56.41152572594615
56.41152572594615
56.41152572594615
56.41152572594615
56.41152572594615
56.41152572594615
56.41152572594615
56.41152572594615
56.41152572594615
56.41152572594615
56.41152572594615
56.41152572594615
56.41152572594615
56.41152572594615
56.41152572594615
56.41152572594615
56.41152572594615
56.41152572594615
56.41152572594615
56.41152572594615
57.691509215975316
57.691509215975316
57.691509215975316
57.691509215975316
57.691509215975316
65.38705392540439
65.38705392540439
65.38705392540439
65.38705392540439
65.38705392540439
65.38705392540439
65.38705392540439
65.38705392540439
65.38705392540439
65.38705392540439
65.38705392540439
65.38705392540439
65.38705392540439
65.38705392540439
65.38705392540439
65.38705392540439
65.38705392540439
65.38705392540439
65.38705392540439
65.38705392540439
65.38705392540439
65.38705392540439
65.38705392540439
65.38705392540439
65.38705392540439
65.38705392540439
65.38705392540439
65.38705392540439
65.38705392540439
65.38705392540439
65.38705392540439
65.38705392540439
65.38705392540439
65.38705392540439
65.38705392540439
65.38705392540439
65.38705392540439
65.38705392540439
65.38705392540439
65.38705392540439
65.38705392540439
65.38705392540439
65.38705392540439
65.38705392540439
65.38705392540439
65.38705392540439
65.38705392540439
65.38705392540439
65.38705392540439
65.38705392540439
65.38705392540439
65.38705392540439
65.38705392540439
65.38705392540439
67.90008440284436
67.90008440284436
67.90008440284436
67.90008440284436
67.90008440284436
67.90008440284436
67.90008440284436
67.90008440284436
67.90008440284436
67.90008440284436
67.90008440284436
67.90008440284436
67.90008440284436
67.90008440284436
67.90008440284436
67.90008440284436
67.90008440284436
67.90008440284436
67.90008440284436
67.90008440284436
67.90008440284436
67.90008440284436
67.90008440284436
67.90008440284436
67.90008440284436
67.90008440284436
67.90008440284436
67.90008440284436
67.90008440284436
67.90008440284436
67.90008440284436
67.90008440284436
67.90008440284436
67.90008440284436
67.90008440284436
67.90008440284436
67.90008440284436
67.90008440284436
67.90008440284436
67.90008440284436
67.90008440284436
67.90008440284436
67.90008440284436
67.90008440284436
67.90008440284436
67.90008440284436
67.90008440284436
67.90008440284436
67.90008440284436
67.90008440284436
67.90008440284436
67.90008440284436
67.90008440284436
67.90008440284436
67.90008440284436
67.90008440284436
67.90008440284436
67.90008440284436
67.90008440284436
67.90008440284436
67.90008440284436
67.90008440284436
67.90008440284436
67.90008440284436
67.90008440284436
67.90008440284436
67.90008440284436
67.90008440284436
67.90008440284436
67.90008440284436
67.90008440284436
67.90008440284436
67.90008440284436
67.90008440284436
67.90008440284436
67.90008440284436
67.90008440284436
69.67762579529317
69.67762579529317
69.67762579529317
69.67762579529317
69.67762579529317
69.67762579529317
69.67762579529317
69.67762579529317
69.67762579529317
69.67762579529317
69.67762579529317
69.67762579529317
69.67762579529317
69.67762579529317
69.67762579529317
69.67762579529317
69.67762579529317
69.67762579529317
69.67762579529317
69.67762579529317
69.67762579529317
69.67762579529317
69.67762579529317
69.67762579529317
69.67762579529317
69.67762579529317
69.67762579529317
69.67762579529317
69.67762579529317
69.67762579529317
69.67762579529317
69.67762579529317
69.67762579529317
69.67762579529317
69.67762579529317
69.67762579529317
69.67762579529317
69.67762579529317
69.67762579529317
69.67762579529317
69.67762579529317
69.67762579529317
69.67762579529317
69.67762579529317
69.67762579529317
69.67762579529317
69.67762579529317
69.67762579529317
69.67762579529317
69.67762579529317
69.67762579529317
69.67762579529317
69.67762579529317
69.67762579529317
69.67762579529317
69.67762579529317
69.67762579529317
69.67762579529317
69.67762579529317
69.67762579529317
69.67762579529317
69.67762579529317
69.67762579529317
69.67762579529317
69.67762579529317
69.67762579529317
69.67762579529317
69.67762579529317
69.67762579529317
69.67762579529317
69.67762579529317
69.67762579529317
69.67762579529317
69.67762579529317
69.67762579529317
69.67762579529317
69.67762579529317
69.67762579529317
69.67762579529317
69.67762579529317
69.67762579529317
69.67762579529317
69.67762579529317
69.67762579529317
69.67762579529317
69.67762579529317
69.67762579529317
69.67762579529317
69.67762579529317
69.67762579529317
69.67762579529317
69.67762579529317
69.67762579529317
69.67762579529317
69.67762579529317
69.67762579529317
69.67762579529317
69.67762579529317
69.67762579529317
69.67762579529317
69.67762579529317
69.67762579529317
69.67762579529317
69.67762579529317
69.67762579529317
69.67762579529317
69.67762579529317
69.67762579529317
69.67762579529317
69.67762579529317
69.67762579529317
69.67762579529317
69.67762579529317
69.67762579529317
69.67762579529317
69.67762579529317
69.67762579529317
69.67762579529317
69.67762579529317
69.67762579529317
69.67762579529317
69.67762579529317
69.67762579529317
69.67762579529317
69.67762579529317
69.67762579529317
69.67762579529317
69.67762579529317
69.67762579529317
69.67762579529317
69.67762579529317
69.67762579529317
69.67762579529317
69.67762579529317
69.67762579529317
69.67762579529317
69.67762579529317
69.67762579529317
69.67762579529317
69.67762579529317
69.67762579529317
69.67762579529317
69.67762579529317
69.67762579529317
69.67762579529317
69.67762579529317
69.67762579529317
69.67762579529317
69.67762579529317
69.67762579529317
69.67762579529317
74.78577349439172
74.78577349439172
74.78577349439172
74.78577349439172
74.78577349439172
74.78577349439172
74.78577349439172
74.78577349439172
74.78577349439172
74.78577349439172
74.78577349439172
74.78577349439172
74.78577349439172
74.78577349439172
74.78577349439172
74.78577349439172
74.78577349439172
74.78577349439172
74.78577349439172
74.78577349439172
74.78577349439172
74.78577349439172
74.78577349439172
74.78577349439172
74.78577349439172
74.78577349439172
74.78577349439172
74.78577349439172
74.78577349439172
74.78577349439172
74.78577349439172
74.78577349439172
74.78577349439172
74.78577349439172
74.78577349439172
74.78577349439172
74.78577349439172
74.78577349439172
74.78577349439172
74.78577349439172
74.78577349439172
74.78577349439172
74.78577349439172
74.78577349439172
74.78577349439172
74.78577349439172
74.78577349439172
74.78577349439172
74.78577349439172
74.78577349439172
74.78577349439172
74.78577349439172
74.78577349439172
74.78577349439172
74.78577349439172
74.78577349439172
74.78577349439172
74.78577349439172
74.78577349439172
74.78577349439172
74.78577349439172
74.78577349439172
74.78577349439172
74.78577349439172
74.78577349439172
74.78577349439172
74.78577349439172
74.78577349439172
74.78577349439172
74.78577349439172
74.78577349439172
74.78577349439172
74.78577349439172
74.78577349439172
74.78577349439172
74.78577349439172
74.78577349439172
74.78577349439172
74.78577349439172
74.78577349439172
74.78577349439172
74.78577349439172
74.78577349439172
74.78577349439172
74.78577349439172
74.78577349439172
74.78577349439172
74.78577349439172
74.78577349439172
74.78577349439172
74.78577349439172
74.78577349439172
74.78577349439172
74.78577349439172
74.78577349439172
74.78577349439172
74.78577349439172
74.78577349439172
74.78577349439172
74.78577349439172
74.78577349439172
74.78577349439172
74.78577349439172
74.78577349439172
74.78577349439172
74.78577349439172
74.78577349439172
74.78577349439172
74.78577349439172
74.78577349439172
74.78577349439172
74.78577349439172
74.78577349439172
74.78577349439172
74.78577349439172
74.78577349439172
74.78577349439172
74.78577349439172
74.78577349439172
74.78577349439172
74.78577349439172
74.78577349439172
74.78577349439172
74.78577349439172
74.78577349439172
74.78577349439172
74.78577349439172
74.78577349439172
74.78577349439172
74.78577349439172
74.78577349439172
74.78577349439172
74.78577349439172
74.78577349439172
74.78577349439172
74.78577349439172
74.78577349439172
74.78577349439172
74.78577349439172
74.78577349439172
74.78577349439172
74.78577349439172
74.78577349439172
74.78577349439172
74.78577349439172
74.78577349439172
74.78577349439172
74.78577349439172
74.78577349439172
74.78577349439172
74.78577349439172
74.78577349439172
74.78577349439172
74.78577349439172
74.78577349439172
74.78577349439172
74.78577349439172
74.78577349439172
74.78577349439172
74.78577349439172
74.78577349439172
74.78577349439172
74.78577349439172
74.78577349439172
74.78577349439172
74.78577349439172
74.78577349439172
74.78577349439172
74.78577349439172
74.78577349439172
74.78577349439172
74.78577349439172
74.78577349439172
74.78577349439172
74.78577349439172
74.78577349439172
74.78577349439172
74.78577349439172
74.78577349439172
74.78577349439172
50.961173407573284
50.961173407573284
50.961173407573284
50.961173407573284
50.961173407573284
50.961173407573284
50.961173407573284
50.961173407573284
50.961173407573284
50.961173407573284
50.961173407573284
50.961173407573284
50.961173407573284
50.961173407573284
50.961173407573284
50.961173407573284
50.961173407573284
50.961173407573284
50.961173407573284
50.961173407573284
50.961173407573284
50.961173407573284
50.961173407573284
50.961173407573284
50.961173407573284
50.961173407573284
50.961173407573284
50.961173407573284
50.961173407573284
50.961173407573284
50.961173407573284
50.961173407573284
50.961173407573284
50.961173407573284
50.961173407573284
50.961173407573284
50.961173407573284
50.961173407573284
50.961173407573284
50.961173407573284
50.961173407573284
50.961173407573284
50.961173407573284
50.961173407573284
50.961173407573284
50.961173407573284
50.961173407573284
50.961173407573284
50.961173407573284
50.961173407573284
50.961173407573284
50.961173407573284
50.961173407573284
50.961173407573284
50.961173407573284
50.961173407573284
50.961173407573284
50.961173407573284
50.961173407573284
50.961173407573284
50.961173407573284
50.961173407573284
50.961173407573284
50.961173407573284
50.961173407573284
50.961173407573284
50.961173407573284
50.961173407573284
50.961173407573284
50.961173407573284
50.961173407573284
50.961173407573284
50.961173407573284
50.961173407573284
50.961173407573284
50.961173407573284
50.961173407573284
50.961173407573284
50.961173407573284
50.961173407573284
50.961173407573284
50.961173407573284
50.961173407573284
50.961173407573284
50.961173407573284
50.961173407573284
50.961173407573284
50.961173407573284
50.961173407573284
50.961173407573284
50.961173407573284
50.961173407573284
50.961173407573284
50.961173407573284
50.961173407573284
50.961173407573284
50.961173407573284
50.961173407573284
50.961173407573284
50.961173407573284
50.961173407573284
50.961173407573284
50.961173407573284
50.961173407573284
50.961173407573284
50.961173407573284
50.961173407573284
50.961173407573284
50.961173407573284
50.961173407573284
50.961173407573284
50.961173407573284
50.961173407573284
50.961173407573284
50.961173407573284
50.961173407573284
50.961173407573284
50.961173407573284
50.961173407573284
50.961173407573284
50.961173407573284
50.961173407573284
50.961173407573284
50.961173407573284
50.961173407573284
50.961173407573284
50.961173407573284
50.961173407573284
50.961173407573284
50.961173407573284
50.961173407573284
50.961173407573284
50.961173407573284
50.961173407573284
50.961173407573284
50.961173407573284
50.961173407573284
50.961173407573284
50.961173407573284
50.961173407573284
50.961173407573284
50.961173407573284
50.961173407573284
50.961173407573284
50.961173407573284
50.961173407573284
50.961173407573284
50.961173407573284
50.961173407573284
50.961173407573284
50.961173407573284
50.961173407573284
50.961173407573284
50.961173407573284
50.961173407573284
50.961173407573284
50.961173407573284
50.961173407573284
50.961173407573284
50.961173407573284
50.961173407573284
50.961173407573284
50.961173407573284
50.961173407573284
50.961173407573284
50.961173407573284
50.961173407573284
50.961173407573284
50.961173407573284
50.961173407573284
50.961173407573284
50.961173407573284
50.961173407573284
50.961173407573284
50.961173407573284
50.961173407573284
50.961173407573284
50.961173407573284
50.961173407573284
50.961173407573284
50.961173407573284
50.961173407573284
50.961173407573284
50.961173407573284
50.961173407573284
50.961173407573284
50.961173407573284
50.961173407573284
50.961173407573284
50.961173407573284
50.961173407573284
50.961173407573284
50.961173407573284
50.961173407573284
50.961173407573284
50.961173407573284
50.961173407573284
50.961173407573284
50.961173407573284
50.961173407573284
50.961173407573284
50.961173407573284
50.961173407573284
50.961173407573284
50.961173407573284
50.961173407573284
50.961173407573284
50.961173407573284
50.961173407573284
50.961173407573284
50.961173407573284
50.961173407573284
50.961173407573284
50.961173407573284
50.961173407573284
50.961173407573284
50.961173407573284
50.961173407573284
50.961173407573284
50.961173407573284
50.961173407573284
50.961173407573284
50.961173407573284
50.961173407573284
50.961173407573284
50.961173407573284
50.961173407573284
50.961173407573284
50.961173407573284
50.961173407573284
50.961173407573284
50.961173407573284
50.961173407573284
50.961173407573284
50.961173407573284
50.961173407573284
50.961173407573284
50.961173407573284
50.961173407573284
50.961173407573284
50.961173407573284
50.961173407573284
50.961173407573284
50.961173407573284
50.961173407573284
50.961173407573284
50.961173407573284
50.961173407573284
50.961173407573284
50.961173407573284
50.961173407573284
50.961173407573284
50.961173407573284
50.961173407573284
50.961173407573284
50.961173407573284
50.961173407573284
50.961173407573284
50.961173407573284
50.961173407573284
50.961173407573284
50.961173407573284
50.961173407573284
50.961173407573284
50.961173407573284
50.961173407573284
50.961173407573284
50.961173407573284
50.961173407573284
50.961173407573284
50.961173407573284
50.961173407573284
50.961173407573284
50.961173407573284
50.961173407573284
50.961173407573284
50.961173407573284
50.961173407573284
50.961173407573284
50.961173407573284
50.961173407573284
50.961173407573284
50.961173407573284
50.961173407573284
50.961173407573284
50.961173407573284
50.961173407573284
50.961173407573284
50.961173407573284
50.961173407573284
50.961173407573284
50.961173407573284
50.961173407573284
50.961173407573284
50.961173407573284
50.961173407573284
50.961173407573284
50.961173407573284
50.961173407573284
50.961173407573284
50.961173407573284
50.961173407573284
50.961173407573284
50.961173407573284
50.961173407573284
50.961173407573284
50.961173407573284
50.961173407573284
50.961173407573284
50.961173407573284
50.961173407573284
50.961173407573284
50.961173407573284
50.961173407573284
50.961173407573284
50.961173407573284
50.961173407573284
50.961173407573284
50.961173407573284
50.961173407573284
50.961173407573284
50.961173407573284
50.961173407573284
50.961173407573284
50.961173407573284
50.961173407573284
50.961173407573284
50.961173407573284
50.961173407573284
50.961173407573284
50.961173407573284
50.961173407573284
50.961173407573284
50.961173407573284
50.961173407573284
50.961173407573284
50.961173407573284
50.961173407573284
50.961173407573284
50.961173407573284
50.961173407573284
50.961173407573284
50.961173407573284
50.961173407573284
50.961173407573284
50.961173407573284
50.961173407573284
50.961173407573284
50.961173407573284
50.961173407573284
50.961173407573284
50.961173407573284
50.961173407573284
50.961173407573284
50.961173407573284
50.961173407573284
50.961173407573284
50.961173407573284
50.961173407573284
50.961173407573284
50.961173407573284
50.961173407573284
50.961173407573284
50.961173407573284
50.961173407573284
50.961173407573284
50.961173407573284
50.961173407573284
50.961173407573284
50.961173407573284
50.961173407573284
50.961173407573284
50.961173407573284
50.961173407573284
50.961173407573284
50.961173407573284
50.961173407573284
50.961173407573284
50.961173407573284
50.961173407573284
50.961173407573284
50.961173407573284
50.961173407573284
50.961173407573284
50.961173407573284
50.961173407573284
50.961173407573284
50.961173407573284
50.961173407573284
50.961173407573284
50.961173407573284
50.961173407573284
50.961173407573284
50.961173407573284
50.961173407573284
50.961173407573284
50.961173407573284
50.961173407573284
50.961173407573284
50.961173407573284
50.961173407573284
50.961173407573284
50.961173407573284
50.961173407573284
50.961173407573284
50.961173407573284
50.961173407573284
50.961173407573284
50.961173407573284
50.961173407573284
50.961173407573284
50.961173407573284
50.961173407573284
50.961173407573284
50.961173407573284
50.961173407573284
50.961173407573284
50.961173407573284
50.961173407573284
50.961173407573284
50.961173407573284
50.961173407573284
50.961173407573284
50.961173407573284
50.961173407573284
50.961173407573284
50.961173407573284
50.961173407573284
50.961173407573284
50.961173407573284
50.961173407573284
50.961173407573284
50.961173407573284
50.961173407573284
50.961173407573284
50.961173407573284
50.961173407573284
50.961173407573284
50.961173407573284
50.961173407573284
50.961173407573284
50.961173407573284
50.961173407573284
50.961173407573284
50.961173407573284
50.961173407573284
50.961173407573284
50.961173407573284
50.961173407573284
50.961173407573284
50.961173407573284
50.961173407573284
50.961173407573284
50.961173407573284
50.961173407573284
50.961173407573284
50.961173407573284
50.961173407573284
50.961173407573284
50.961173407573284
50.961173407573284
50.961173407573284
50.961173407573284
50.961173407573284
50.961173407573284
50.961173407573284
50.961173407573284
50.961173407573284
50.961173407573284
50.961173407573284
50.961173407573284
50.961173407573284
50.961173407573284
50.961173407573284
50.961173407573284
50.961173407573284
50.961173407573284
50.961173407573284
50.961173407573284
50.961173407573284
50.961173407573284
50.961173407573284
50.961173407573284
50.961173407573284
50.961173407573284
50.961173407573284
50.961173407573284
50.961173407573284
50.961173407573284
50.961173407573284
50.961173407573284
50.961173407573284
50.961173407573284
50.961173407573284
50.961173407573284
50.961173407573284
50.961173407573284
50.961173407573284
50.961173407573284
50.961173407573284
50.961173407573284
0.21962378287460213
9.824263038661945
9.824263038661945
21.624992449702198
21.624992449702198
21.624992449702198
21.624992449702198
21.624992449702198
25.357411024916505
25.357411024916505
25.357411024916505
25.357411024916505
27.386048496728705
27.386048496728705
27.386048496728705
27.386048496728705
27.386048496728705
27.386048496728705
27.386048496728705
27.386048496728705
27.386048496728705
27.386048496728705
27.386048496728705
27.386048496728705
27.386048496728705
27.386048496728705
27.386048496728705
41.15973833508451
41.15973833508451
41.15973833508451
41.15973833508451
41.15973833508451
41.15973833508451
41.15973833508451
41.15973833508451
41.15973833508451
41.15973833508451
41.15973833508451
41.15973833508451
41.15973833508451
41.15973833508451
41.15973833508451
41.15973833508451
41.15973833508451
41.15973833508451
41.15973833508451
41.15973833508451
41.15973833508451
41.15973833508451
41.15973833508451
41.15973833508451
45.24759986146222
45.42450130633008
45.42450130633008
45.42450130633008
45.42450130633008
45.42450130633008
45.42450130633008
45.42450130633008
45.42450130633008
46.49021527958049
49.46064459883018
49.46064459883018
52.147024016597506
52.147024016597506
52.37311238053604
52.37311238053604
52.37311238053604
52.37311238053604
52.37311238053604
52.37311238053604
52.37311238053604
52.37311238053604
52.37311238053604
52.37311238053604
52.37311238053604
52.37311238053604
52.40159118632456
52.40159118632456
52.40159118632456
52.40159118632456
52.40159118632456
52.40159118632456
52.40159118632456
52.40159118632456
52.40159118632456
52.40159118632456
52.40159118632456
52.40159118632456
52.40159118632456
52.40159118632456
52.40159118632456
52.40159118632456
52.40159118632456
52.40159118632456
52.40159118632456
52.40159118632456
52.40159118632456
52.40159118632456
52.40159118632456
52.40159118632456
52.40159118632456
52.40159118632456
52.40159118632456
52.40159118632456
52.40159118632456
52.40159118632456
52.40159118632456
52.40159118632456
52.40159118632456
52.40159118632456
52.40159118632456
52.40159118632456
52.40159118632456
52.40159118632456
52.40159118632456
52.40159118632456
52.40159118632456
52.40159118632456
52.40159118632456
52.40159118632456
52.40159118632456
52.40159118632456
52.40159118632456
52.40159118632456
52.40159118632456
52.63300559835085
52.63300559835085
52.63300559835085
52.63300559835085
52.63300559835085
52.63300559835085
52.63300559835085
52.63300559835085
52.63300559835085
52.63300559835085
52.63300559835085
52.63300559835085
52.63300559835085
52.63300559835085
52.63300559835085
52.63300559835085
52.63300559835085
52.63300559835085
52.63300559835085
52.63300559835085
52.63300559835085
52.63300559835085
52.63300559835085
52.63300559835085
52.63300559835085
52.63300559835085
52.63300559835085
52.63300559835085
52.63300559835085
52.63300559835085
52.63300559835085
52.63300559835085
52.63300559835085
52.63300559835085
52.63300559835085
52.63300559835085
52.63300559835085
52.63300559835085
52.63300559835085
52.63300559835085
52.63300559835085
52.63300559835085
52.63300559835085
52.63300559835085
52.63300559835085
52.63300559835085
52.63300559835085
52.63300559835085
52.63300559835085
52.63300559835085
52.63300559835085
52.63300559835085
52.63300559835085
52.63300559835085
52.63300559835085
52.63300559835085
52.63300559835085
52.63300559835085
52.63300559835085
52.63300559835085
52.63300559835085
52.63300559835085
52.63300559835085
52.63300559835085
52.63300559835085
52.63300559835085
52.63300559835085
52.63300559835085
52.63300559835085
52.63300559835085
52.63300559835085
52.63300559835085
52.63300559835085
52.63300559835085
52.63300559835085
52.63300559835085
52.63300559835085
52.63300559835085
52.63300559835085
52.63300559835085
52.63300559835085
52.63300559835085
52.63300559835085
52.63300559835085
52.63300559835085
52.63300559835085
52.63300559835085
52.63300559835085
52.63300559835085
52.63300559835085
52.63300559835085
52.63300559835085
52.63300559835085
52.63300559835085
52.63300559835085
52.63300559835085
52.63300559835085
52.63300559835085
52.63300559835085
52.63300559835085
52.63300559835085
52.63300559835085
52.63300559835085
52.63300559835085
52.63300559835085
52.63300559835085
52.63300559835085
52.63300559835085
52.63300559835085
52.63300559835085
52.63300559835085
52.63300559835085
52.63300559835085
52.63300559835085
52.63300559835085
52.63300559835085
52.63300559835085
52.63300559835085
52.63300559835085
52.63300559835085
52.63300559835085
52.63300559835085
52.63300559835085
52.63300559835085
52.63300559835085
52.63300559835085
52.63300559835085
52.63300559835085
52.63300559835085
52.63300559835085
52.63300559835085
52.63300559835085
52.63300559835085
52.63300559835085
52.63300559835085
52.63300559835085
52.63300559835085
52.63300559835085
52.63300559835085
52.63300559835085
52.63300559835085
52.63300559835085
52.63300559835085
52.63300559835085
52.63300559835085
52.63300559835085
52.63300559835085
52.63300559835085
52.63300559835085
52.63300559835085
52.63300559835085
52.63300559835085
52.63300559835085
52.63300559835085
52.63300559835085
52.63300559835085
52.63300559835085
52.63300559835085
52.63300559835085
52.63300559835085
52.63300559835085
52.63300559835085
52.63300559835085
52.63300559835085
52.63300559835085
52.63300559835085
52.63300559835085
52.63300559835085
52.63300559835085
52.63300559835085
52.63300559835085
52.63300559835085
52.63300559835085
52.63300559835085
52.63300559835085
52.63300559835085
52.63300559835085
52.63300559835085
52.63300559835085
52.63300559835085
52.63300559835085
52.63300559835085
52.63300559835085
52.63300559835085
52.63300559835085
52.63300559835085
52.63300559835085
52.63300559835085
52.63300559835085
52.63300559835085
52.63300559835085
52.63300559835085
52.63300559835085
52.63300559835085
52.63300559835085
52.63300559835085
52.63300559835085
52.63300559835085
52.63300559835085
52.63300559835085
52.63300559835085
52.63300559835085
52.63300559835085
52.63300559835085
52.63300559835085
52.63300559835085
52.63300559835085
52.63300559835085
52.63300559835085
52.63300559835085
52.63300559835085
52.63300559835085
52.63300559835085
52.63300559835085
52.63300559835085
52.63300559835085
52.63300559835085
52.63300559835085
52.63300559835085
52.63300559835085
52.63300559835085
52.63300559835085
52.63300559835085
52.63300559835085
52.63300559835085
52.63300559835085
52.63300559835085
52.63300559835085
52.63300559835085
52.63300559835085
52.63300559835085
52.63300559835085
52.63300559835085
52.63300559835085
52.63300559835085
52.63300559835085
52.63300559835085
52.63300559835085
52.63300559835085
52.63300559835085
52.63300559835085
52.63300559835085
52.63300559835085
52.63300559835085
52.63300559835085
52.63300559835085
52.63300559835085
52.63300559835085
52.63300559835085
52.63300559835085
52.63300559835085
52.63300559835085
52.63300559835085
52.63300559835085
52.63300559835085
52.63300559835085
52.63300559835085
52.63300559835085
52.63300559835085
52.63300559835085
52.63300559835085
52.63300559835085
52.63300559835085
52.63300559835085
52.63300559835085
52.63300559835085
52.63300559835085
52.63300559835085
52.63300559835085
52.63300559835085
52.63300559835085
52.63300559835085
52.63300559835085
52.63300559835085
52.63300559835085
52.63300559835085
52.63300559835085
52.63300559835085
52.63300559835085
52.63300559835085
52.63300559835085
52.63300559835085
52.63300559835085
52.63300559835085
52.63300559835085
52.63300559835085
52.63300559835085
52.63300559835085
52.63300559835085
52.63300559835085
52.63300559835085
52.63300559835085
52.63300559835085
52.63300559835085
52.63300559835085
52.63300559835085
52.63300559835085
52.63300559835085
52.63300559835085
52.63300559835085
52.63300559835085
52.63300559835085
52.63300559835085
52.63300559835085
52.63300559835085
52.63300559835085
52.63300559835085
52.63300559835085
52.63300559835085
52.63300559835085
52.63300559835085
52.63300559835085
52.63300559835085
52.63300559835085
52.63300559835085
52.63300559835085
52.63300559835085
52.63300559835085
52.63300559835085
52.63300559835085
52.63300559835085
52.63300559835085
52.63300559835085
52.63300559835085
52.63300559835085
52.63300559835085
52.63300559835085
52.63300559835085
52.63300559835085
52.63300559835085
52.63300559835085
52.63300559835085
52.63300559835085
52.63300559835085
52.63300559835085
52.63300559835085
52.63300559835085
52.63300559835085
52.63300559835085
52.63300559835085
52.63300559835085
52.63300559835085
52.63300559835085
52.63300559835085
52.63300559835085
52.63300559835085
52.63300559835085
52.63300559835085
52.63300559835085
52.63300559835085
52.63300559835085
52.63300559835085
52.63300559835085
52.63300559835085
52.63300559835085
52.63300559835085
52.63300559835085
52.63300559835085
52.63300559835085
52.63300559835085
52.63300559835085
52.63300559835085
52.63300559835085
52.63300559835085
52.63300559835085
52.63300559835085
52.63300559835085
52.63300559835085
52.63300559835085
52.63300559835085
52.63300559835085
52.63300559835085
52.63300559835085
52.63300559835085
52.63300559835085
13.728150087594596
13.728150087594596
18.596186408767124
28.92825059427885
28.92825059427885
28.92825059427885
28.92825059427885
28.92825059427885
28.92825059427885
28.92825059427885
28.92825059427885
28.92825059427885
28.92825059427885
28.92825059427885
28.92825059427885
28.92825059427885
28.92825059427885
28.92825059427885
28.92825059427885
28.92825059427885
30.9458635719744
30.9458635719744
30.9458635719744
30.9458635719744
30.9458635719744
30.9458635719744
32.09182873029512
32.09182873029512
32.09182873029512
32.09182873029512
32.09182873029512
32.09182873029512
32.09182873029512
32.09182873029512
32.09182873029512
32.09182873029512
32.09182873029512
33.131493617836306
33.131493617836306
33.131493617836306
57.53673383815755
57.53673383815755
57.53673383815755
57.53673383815755
57.53673383815755
57.53673383815755
57.53673383815755
57.53673383815755
57.53673383815755
57.53673383815755
57.53673383815755
57.53673383815755
57.53673383815755
57.53673383815755
57.53673383815755
57.53673383815755
57.53673383815755
57.53673383815755
57.53673383815755
57.53673383815755
57.53673383815755
57.53673383815755
57.53673383815755
57.53673383815755
57.53673383815755
57.53673383815755
57.53673383815755
72.86511791136174
72.86511791136174
72.86511791136174
72.86511791136174
72.86511791136174
72.86511791136174
72.86511791136174
72.86511791136174
72.86511791136174
72.86511791136174
72.86511791136174
72.86511791136174
72.86511791136174
72.86511791136174
72.86511791136174
72.86511791136174
72.86511791136174
72.86511791136174
72.86511791136174
72.86511791136174
72.86511791136174
72.86511791136174
72.86511791136174
72.86511791136174
72.86511791136174
72.86511791136174
72.86511791136174
72.86511791136174
72.86511791136174
72.86511791136174
72.86511791136174
72.86511791136174
72.86511791136174
72.86511791136174
72.86511791136174
72.86511791136174
72.86511791136174
72.86511791136174
72.86511791136174
72.86511791136174
72.86511791136174
72.86511791136174
72.86511791136174
72.86511791136174
72.86511791136174
72.86511791136174
72.86511791136174
72.86511791136174
72.86511791136174
72.86511791136174
72.86511791136174
72.86511791136174
72.86511791136174
72.86511791136174
72.86511791136174
72.86511791136174
72.86511791136174
72.86511791136174
72.86511791136174
72.86511791136174
72.86511791136174
72.86511791136174
72.86511791136174
72.86511791136174
72.86511791136174
72.86511791136174
72.86511791136174
72.86511791136174
72.86511791136174
72.86511791136174
72.86511791136174
72.86511791136174
72.86511791136174
72.86511791136174
72.86511791136174
72.86511791136174
72.86511791136174
72.86511791136174
72.86511791136174
72.86511791136174
72.86511791136174
72.86511791136174
72.86511791136174
72.86511791136174
72.86511791136174
72.86511791136174
72.86511791136174
72.86511791136174
72.86511791136174
72.86511791136174
72.86511791136174
72.86511791136174
72.86511791136174
72.86511791136174
72.86511791136174
72.86511791136174
72.86511791136174
72.86511791136174
72.86511791136174
72.86511791136174
72.86511791136174
72.86511791136174
72.86511791136174
72.86511791136174
72.86511791136174
72.86511791136174
72.86511791136174
72.86511791136174
72.86511791136174
72.86511791136174
72.86511791136174
72.86511791136174
72.86511791136174
72.86511791136174
72.86511791136174
72.86511791136174
72.86511791136174
72.86511791136174
72.86511791136174
72.86511791136174
72.86511791136174
72.86511791136174
72.86511791136174
72.86511791136174
72.86511791136174
72.86511791136174
72.86511791136174
72.86511791136174
72.86511791136174
72.86511791136174
72.86511791136174
72.86511791136174
72.86511791136174
72.86511791136174
72.86511791136174
72.86511791136174
72.86511791136174
72.86511791136174
72.86511791136174
72.86511791136174
72.86511791136174
72.86511791136174
72.86511791136174
72.86511791136174
72.86511791136174
72.86511791136174
72.86511791136174
72.86511791136174
72.86511791136174
72.86511791136174
72.86511791136174
72.86511791136174
72.86511791136174
72.86511791136174
72.86511791136174
72.86511791136174
72.86511791136174
72.86511791136174
72.86511791136174
72.86511791136174
72.86511791136174
72.86511791136174
72.86511791136174
72.86511791136174
72.86511791136174
72.86511791136174
72.86511791136174
72.86511791136174
72.86511791136174
72.86511791136174
72.86511791136174
72.86511791136174
72.86511791136174
72.86511791136174
72.86511791136174
72.86511791136174
72.86511791136174
72.86511791136174
72.86511791136174
72.86511791136174
72.86511791136174
72.86511791136174
72.86511791136174
72.86511791136174
72.86511791136174
72.86511791136174
72.86511791136174
72.86511791136174
72.86511791136174
72.86511791136174
72.86511791136174
72.86511791136174
72.86511791136174
72.86511791136174
72.86511791136174
72.86511791136174
72.86511791136174
72.86511791136174
72.86511791136174
72.86511791136174
72.86511791136174
72.86511791136174
72.86511791136174
72.86511791136174
72.86511791136174
72.86511791136174
72.86511791136174
72.86511791136174
72.86511791136174
72.86511791136174
72.86511791136174
72.86511791136174
72.86511791136174
72.86511791136174
72.86511791136174
72.86511791136174
72.86511791136174
72.86511791136174
72.86511791136174
72.86511791136174
72.86511791136174
72.86511791136174
72.86511791136174
72.86511791136174
72.86511791136174
72.86511791136174
72.86511791136174
72.86511791136174
72.86511791136174
72.86511791136174
72.86511791136174
72.86511791136174
72.86511791136174
72.86511791136174
72.86511791136174
72.86511791136174
72.86511791136174
72.86511791136174
72.86511791136174
72.86511791136174
72.86511791136174
72.86511791136174
72.86511791136174
72.86511791136174
72.86511791136174
72.86511791136174
72.86511791136174
72.86511791136174
72.86511791136174
72.86511791136174
72.86511791136174
72.86511791136174
72.86511791136174
72.86511791136174
72.86511791136174
72.86511791136174
72.86511791136174
72.86511791136174
72.86511791136174
72.86511791136174
72.86511791136174
72.86511791136174
72.86511791136174
72.86511791136174
72.86511791136174
72.86511791136174
72.86511791136174
72.86511791136174
72.86511791136174
72.86511791136174
72.86511791136174
72.86511791136174
72.86511791136174
72.86511791136174
72.86511791136174
72.86511791136174
72.86511791136174
72.86511791136174
72.86511791136174
72.86511791136174
72.86511791136174
72.86511791136174
72.86511791136174
72.86511791136174
72.86511791136174
72.86511791136174
72.86511791136174
72.86511791136174
72.86511791136174
72.86511791136174
72.86511791136174
72.86511791136174
72.86511791136174
72.86511791136174
72.86511791136174
72.86511791136174
72.86511791136174
72.86511791136174
72.86511791136174
72.86511791136174
72.86511791136174
72.86511791136174
72.86511791136174
72.86511791136174
72.86511791136174
72.86511791136174
72.86511791136174
72.86511791136174
72.86511791136174
72.86511791136174
72.86511791136174
72.86511791136174
72.86511791136174
72.86511791136174
72.86511791136174
72.86511791136174
72.86511791136174
72.86511791136174
72.86511791136174
72.86511791136174
72.86511791136174
72.86511791136174
72.86511791136174
72.86511791136174
72.86511791136174
72.86511791136174
72.86511791136174
72.86511791136174
72.86511791136174
72.86511791136174
72.86511791136174
72.86511791136174
72.86511791136174
72.86511791136174
72.86511791136174
72.86511791136174
72.86511791136174
72.86511791136174
72.86511791136174
72.86511791136174
72.86511791136174
72.86511791136174
72.86511791136174
72.86511791136174
72.86511791136174
72.86511791136174
72.86511791136174
72.86511791136174
72.86511791136174
72.86511791136174
72.86511791136174
72.86511791136174
72.86511791136174
72.86511791136174
72.86511791136174
72.86511791136174
72.86511791136174
72.86511791136174
72.86511791136174
72.86511791136174
72.86511791136174
72.86511791136174
72.86511791136174
72.86511791136174
72.86511791136174
72.86511791136174
72.86511791136174
72.86511791136174
72.86511791136174
72.86511791136174
72.86511791136174
72.86511791136174
72.86511791136174
72.86511791136174
72.86511791136174
72.86511791136174
72.86511791136174
72.86511791136174
72.86511791136174
72.86511791136174
72.86511791136174
72.86511791136174
72.86511791136174
72.86511791136174
72.86511791136174
72.86511791136174
72.86511791136174
72.86511791136174
72.86511791136174
72.86511791136174
72.86511791136174
72.86511791136174
72.86511791136174
72.86511791136174
72.86511791136174
72.86511791136174
72.86511791136174
72.86511791136174
72.86511791136174
72.86511791136174
72.86511791136174
72.86511791136174
72.86511791136174
72.86511791136174
72.86511791136174
72.86511791136174
72.86511791136174
72.86511791136174
72.86511791136174
72.86511791136174
72.86511791136174
72.86511791136174
72.86511791136174
72.86511791136174
72.86511791136174
72.86511791136174
72.86511791136174
72.86511791136174
72.86511791136174
72.86511791136174
72.86511791136174
72.86511791136174
72.86511791136174
72.86511791136174
72.86511791136174
72.86511791136174
72.86511791136174
72.86511791136174
72.86511791136174
72.86511791136174
72.86511791136174
72.86511791136174
72.86511791136174
72.86511791136174
