0.7649869589024176
11.874385294172052
12.500132762992813
12.500132762992813
19.236005419865844
19.236005419865844
19.236005419865844
20.123302376959824
21.394830724179812
21.394830724179812
21.394830724179812
21.394830724179812
21.394830724179812
22.235512822650247
22.235512822650247
29.62773178700961
29.62773178700961
29.62773178700961
29.62773178700961
29.62773178700961
29.62773178700961
29.62773178700961
29.62773178700961
29.62773178700961
29.62773178700961
29.62773178700961
29.62773178700961
29.62773178700961
29.62773178700961
29.62773178700961
29.62773178700961
30.63414421029946
30.63414421029946
30.63414421029946
30.63414421029946
30.63414421029946
30.63414421029946
30.63414421029946
30.63414421029946
30.63414421029946
30.63414421029946
30.63414421029946
30.63414421029946
30.63414421029946
32.21772846199141
32.21772846199141
32.21772846199141
32.21772846199141
32.21772846199141
32.21772846199141
32.21772846199141
32.21772846199141
32.21772846199141
32.21772846199141
32.21772846199141
34.64804216455322
34.64804216455322
34.64804216455322
34.64804216455322
34.64804216455322
34.64804216455322
34.64804216455322
34.64804216455322
34.64804216455322
36.01727753407826
36.01727753407826
36.01727753407826
36.01727753407826
36.01727753407826
36.01727753407826
36.01727753407826
36.01727753407826
36.01727753407826
36.01727753407826
36.01727753407826
36.01727753407826
36.99555896623248
36.99555896623248
36.99555896623248
36.99555896623248
36.99555896623248
36.99555896623248
36.99555896623248
36.99555896623248
36.99555896623248
36.99555896623248
36.99555896623248
36.99555896623248
36.99555896623248
36.99555896623248
36.99555896623248
36.99555896623248
36.99555896623248
36.99555896623248
36.99555896623248
37.06958250262931
37.06958250262931
37.06958250262931
37.06958250262931
37.06958250262931
37.06958250262931
37.06958250262931
37.06958250262931
37.06958250262931
37.06958250262931
37.06958250262931
37.06958250262931
37.06958250262931
43.23451127346892
47.1906984116442
47.1906984116442
47.1906984116442
47.1906984116442
47.1906984116442
52.035869385757564
52.035869385757564
52.035869385757564
52.035869385757564
54.982594864567
54.982594864567
54.982594864567
54.982594864567
54.982594864567
54.982594864567
54.982594864567
54.982594864567
54.982594864567
54.982594864567
54.982594864567
54.982594864567
54.982594864567
54.982594864567
54.982594864567
54.982594864567
54.982594864567
54.982594864567
54.982594864567
54.982594864567
54.982594864567
54.982594864567
54.982594864567
54.982594864567
54.982594864567
54.982594864567
54.982594864567
54.982594864567
54.982594864567
54.982594864567
54.982594864567
54.982594864567
54.982594864567
54.982594864567
54.982594864567
54.982594864567
54.982594864567
54.982594864567
54.982594864567
54.982594864567
54.982594864567
54.982594864567
54.982594864567
54.982594864567
54.982594864567
54.982594864567
54.982594864567
54.982594864567
54.982594864567
54.982594864567
54.982594864567
54.982594864567
54.982594864567
54.982594864567
54.982594864567
54.982594864567
54.982594864567
54.982594864567
54.982594864567
54.982594864567
54.982594864567
54.982594864567
54.982594864567
54.982594864567
54.982594864567
54.982594864567
54.982594864567
54.982594864567
54.982594864567
54.982594864567
54.982594864567
54.982594864567
54.982594864567
54.982594864567
54.982594864567
54.982594864567
54.982594864567
54.982594864567
54.982594864567
54.982594864567
54.982594864567
54.982594864567
54.982594864567
54.982594864567
54.982594864567
54.982594864567
54.982594864567
54.982594864567
54.982594864567
54.982594864567
54.982594864567
54.982594864567
54.982594864567
54.982594864567
54.982594864567
54.982594864567
54.982594864567
54.982594864567
54.982594864567
54.982594864567
54.982594864567
54.982594864567
54.982594864567
54.982594864567
54.982594864567
54.982594864567
54.982594864567
54.982594864567
54.982594864567
54.982594864567
54.982594864567
54.982594864567
54.982594864567
54.982594864567
54.982594864567
54.982594864567
54.982594864567
54.982594864567
54.982594864567
54.982594864567
54.982594864567
54.982594864567
54.982594864567
54.982594864567
54.982594864567
56.5566077142309
56.5566077142309
56.5566077142309
56.5566077142309
56.572725735796006
56.572725735796006
56.572725735796006
56.572725735796006
56.572725735796006
56.572725735796006
57.08537343312383
57.08537343312383
57.08537343312383
57.08537343312383
57.08537343312383
57.08537343312383
57.08537343312383
61.552137901618345
61.552137901618345
61.552137901618345
61.552137901618345
61.552137901618345
61.552137901618345
62.69989629918169
62.69989629918169
62.69989629918169
62.69989629918169
62.69989629918169
62.69989629918169
62.69989629918169
62.69989629918169
62.69989629918169
62.69989629918169
62.69989629918169
62.69989629918169
62.69989629918169
62.69989629918169
62.69989629918169
62.69989629918169
62.69989629918169
62.69989629918169
62.69989629918169
62.69989629918169
62.69989629918169
62.69989629918169
62.69989629918169
62.69989629918169
62.69989629918169
62.69989629918169
62.69989629918169
62.69989629918169
62.69989629918169
62.69989629918169
62.69989629918169
62.69989629918169
64.28801147752725
64.28801147752725
64.28801147752725
64.28801147752725
64.28801147752725
64.28801147752725
64.28801147752725
64.28801147752725
64.28801147752725
64.28801147752725
64.28801147752725
64.28801147752725
64.28801147752725
64.28801147752725
64.28801147752725
64.28801147752725
64.28801147752725
64.28801147752725
64.28801147752725
64.28801147752725
64.28801147752725
64.28801147752725
64.28801147752725
64.28801147752725
64.28801147752725
64.28801147752725
64.28801147752725
64.28801147752725
64.28801147752725
64.28801147752725
64.28801147752725
64.28801147752725
64.28801147752725
64.28801147752725
64.28801147752725
64.28801147752725
64.28801147752725
64.28801147752725
64.28801147752725
64.28801147752725
64.28801147752725
64.28801147752725
64.28801147752725
64.28801147752725
64.28801147752725
64.28801147752725
64.28801147752725
64.28801147752725
64.28801147752725
64.28801147752725
64.28801147752725
64.28801147752725
64.28801147752725
64.28801147752725
64.28801147752725
64.28801147752725
64.28801147752725
64.28801147752725
64.28801147752725
64.28801147752725
64.28801147752725
64.28801147752725
64.28801147752725
64.28801147752725
64.28801147752725
64.28801147752725
67.64896368015599
67.64896368015599
67.64896368015599
67.64896368015599
67.64896368015599
67.64896368015599
67.73113631480749
67.73113631480749
67.73113631480749
67.73113631480749
67.73113631480749
67.73113631480749
68.02822545871882
68.02822545871882
68.02822545871882
68.02822545871882
68.02822545871882
68.02822545871882
68.02822545871882
68.02822545871882
68.02822545871882
68.02822545871882
68.02822545871882
68.02822545871882
68.02822545871882
68.02822545871882
68.02822545871882
68.02822545871882
68.02822545871882
68.02822545871882
68.02822545871882
68.02822545871882
68.02822545871882
68.02822545871882
68.02822545871882
68.02822545871882
68.02822545871882
68.02822545871882
68.02822545871882
68.02822545871882
68.02822545871882
68.02822545871882
68.02822545871882
68.02822545871882
68.02822545871882
68.02822545871882
68.02822545871882
68.02822545871882
68.02822545871882
68.02822545871882
68.02822545871882
68.02822545871882
68.02822545871882
68.02822545871882
68.02822545871882
68.02822545871882
68.02822545871882
68.02822545871882
68.02822545871882
68.02822545871882
68.02822545871882
68.5917330329485
68.5917330329485
68.5917330329485
68.5917330329485
70.46324561113127
70.46324561113127
70.46324561113127
71.94359132379797
71.94359132379797
71.94359132379797
73.08492391686742
73.08492391686742
73.08492391686742
73.08492391686742
73.08492391686742
73.08492391686742
73.08492391686742
73.08492391686742
73.08492391686742
73.08492391686742
73.08492391686742
73.08492391686742
73.08492391686742
73.08492391686742
73.08492391686742
73.08492391686742
73.08492391686742
73.08492391686742
73.08492391686742
73.08492391686742
73.08492391686742
73.08492391686742
73.08492391686742
73.08492391686742
73.08492391686742
73.08492391686742
73.08492391686742
73.08492391686742
73.08492391686742
73.08492391686742
73.08492391686742
73.08492391686742
73.08492391686742
73.08492391686742
73.08492391686742
73.08492391686742
73.08492391686742
73.08492391686742
73.08492391686742
73.08492391686742
73.08492391686742
73.08492391686742
73.08492391686742
73.08492391686742
73.08492391686742
73.08492391686742
73.08492391686742
73.08492391686742
73.08492391686742
73.08492391686742
73.08492391686742
73.08492391686742
73.08492391686742
73.08492391686742
73.08492391686742
73.08492391686742
73.08492391686742
73.08492391686742
73.08492391686742
73.08492391686742
73.08492391686742
73.08492391686742
73.08492391686742
73.08492391686742
73.08492391686742
73.08492391686742
37.996593191273156
37.996593191273156
37.996593191273156
37.996593191273156
37.996593191273156
37.996593191273156
37.996593191273156
37.996593191273156
37.996593191273156
37.996593191273156
37.996593191273156
65.52246010306091
65.52246010306091
65.52246010306091
65.52246010306091
65.52246010306091
65.52246010306091
65.52246010306091
65.52246010306091
65.52246010306091
65.52246010306091
65.52246010306091
65.52246010306091
65.52246010306091
65.52246010306091
65.52246010306091
65.52246010306091
65.52246010306091
65.52246010306091
65.52246010306091
65.52246010306091
65.52246010306091
65.52246010306091
65.52246010306091
65.52246010306091
65.52246010306091
65.52246010306091
65.52246010306091
65.52246010306091
65.52246010306091
65.52246010306091
68.45556350470316
68.45556350470316
68.45556350470316
68.45556350470316
68.45556350470316
68.45556350470316
68.45556350470316
68.45556350470316
68.45556350470316
68.45556350470316
68.45556350470316
68.45556350470316
68.45556350470316
68.45556350470316
68.45556350470316
68.45556350470316
68.45556350470316
68.45556350470316
68.45556350470316
68.45556350470316
68.45556350470316
68.45556350470316
68.45556350470316
68.45556350470316
68.45556350470316
68.45556350470316
68.45556350470316
68.45556350470316
68.45556350470316
68.45556350470316
68.45556350470316
68.45556350470316
68.45556350470316
68.45556350470316
68.45556350470316
68.45556350470316
68.45556350470316
68.45556350470316
68.45556350470316
68.45556350470316
68.45556350470316
68.45556350470316
68.45556350470316
68.45556350470316
68.45556350470316
68.45556350470316
68.45556350470316
68.45556350470316
68.45556350470316
68.45556350470316
68.45556350470316
68.45556350470316
68.45556350470316
68.45556350470316
68.45556350470316
68.45556350470316
68.45556350470316
68.45556350470316
68.45556350470316
68.45556350470316
68.45556350470316
68.45556350470316
68.45556350470316
68.45556350470316
68.45556350470316
68.45556350470316
68.45556350470316
68.45556350470316
68.45556350470316
68.45556350470316
68.45556350470316
68.45556350470316
68.45556350470316
68.45556350470316
68.45556350470316
68.45556350470316
68.45556350470316
68.45556350470316
68.45556350470316
68.45556350470316
68.45556350470316
68.45556350470316
68.45556350470316
68.45556350470316
68.45556350470316
68.45556350470316
68.45556350470316
68.45556350470316
68.45556350470316
68.45556350470316
68.45556350470316
68.45556350470316
68.45556350470316
68.45556350470316
68.45556350470316
68.45556350470316
68.45556350470316
68.45556350470316
68.45556350470316
68.45556350470316
68.45556350470316
68.45556350470316
68.45556350470316
68.45556350470316
68.45556350470316
68.45556350470316
68.45556350470316
68.45556350470316
68.45556350470316
68.45556350470316
68.45556350470316
68.45556350470316
68.45556350470316
68.45556350470316
68.45556350470316
68.45556350470316
68.45556350470316
68.45556350470316
68.45556350470316
68.45556350470316
68.45556350470316
68.45556350470316
68.45556350470316
68.45556350470316
68.45556350470316
68.45556350470316
68.45556350470316
68.45556350470316
68.45556350470316
68.45556350470316
68.45556350470316
68.45556350470316
68.45556350470316
68.45556350470316
68.45556350470316
68.45556350470316
68.45556350470316
68.45556350470316
68.45556350470316
68.45556350470316
68.45556350470316
68.45556350470316
68.45556350470316
68.45556350470316
68.45556350470316
68.45556350470316
68.45556350470316
68.45556350470316
68.45556350470316
68.45556350470316
68.45556350470316
68.45556350470316
68.45556350470316
68.45556350470316
68.45556350470316
68.45556350470316
68.45556350470316
68.45556350470316
68.45556350470316
68.45556350470316
68.45556350470316
68.45556350470316
68.45556350470316
68.45556350470316
68.45556350470316
68.45556350470316
68.45556350470316
68.45556350470316
68.45556350470316
68.45556350470316
68.45556350470316
68.45556350470316
68.45556350470316
68.45556350470316
68.45556350470316
68.45556350470316
68.45556350470316
68.45556350470316
68.45556350470316
68.45556350470316
68.45556350470316
68.45556350470316
68.45556350470316
68.45556350470316
68.45556350470316
68.45556350470316
68.45556350470316
68.45556350470316
68.45556350470316
68.45556350470316
68.45556350470316
68.45556350470316
68.45556350470316
68.45556350470316
68.45556350470316
68.45556350470316
68.45556350470316
68.45556350470316
68.45556350470316
68.45556350470316
68.45556350470316
68.45556350470316
68.45556350470316
68.45556350470316
68.45556350470316
68.45556350470316
68.45556350470316
68.45556350470316
68.45556350470316
68.45556350470316
68.45556350470316
68.45556350470316
68.45556350470316
68.45556350470316
68.45556350470316
68.45556350470316
68.45556350470316
68.45556350470316
68.45556350470316
68.45556350470316
68.45556350470316
68.45556350470316
68.45556350470316
68.45556350470316
68.45556350470316
68.45556350470316
68.45556350470316
68.45556350470316
68.45556350470316
68.45556350470316
68.45556350470316
68.45556350470316
68.45556350470316
68.45556350470316
68.45556350470316
68.45556350470316
68.45556350470316
68.45556350470316
68.45556350470316
68.45556350470316
68.45556350470316
68.45556350470316
68.45556350470316
68.45556350470316
68.45556350470316
68.45556350470316
68.45556350470316
68.45556350470316
68.45556350470316
68.45556350470316
68.45556350470316
68.45556350470316
68.45556350470316
68.45556350470316
68.45556350470316
68.45556350470316
68.45556350470316
68.45556350470316
68.45556350470316
68.45556350470316
68.45556350470316
68.45556350470316
68.45556350470316
68.45556350470316
68.45556350470316
68.45556350470316
68.45556350470316
68.45556350470316
68.45556350470316
68.45556350470316
68.45556350470316
91.38294831100748
91.38294831100748
91.38294831100748
91.38294831100748
91.38294831100748
91.38294831100748
91.38294831100748
91.38294831100748
91.38294831100748
91.38294831100748
91.38294831100748
91.38294831100748
91.38294831100748
91.38294831100748
91.38294831100748
91.38294831100748
91.38294831100748
91.38294831100748
91.38294831100748
91.38294831100748
91.38294831100748
91.38294831100748
91.38294831100748
91.38294831100748
91.38294831100748
91.38294831100748
91.38294831100748
91.38294831100748
91.38294831100748
91.38294831100748
91.38294831100748
91.38294831100748
91.38294831100748
91.38294831100748
91.38294831100748
91.38294831100748
91.38294831100748
91.38294831100748
91.38294831100748
91.38294831100748
91.38294831100748
91.38294831100748
91.38294831100748
91.38294831100748
91.38294831100748
91.38294831100748
91.38294831100748
91.38294831100748
91.38294831100748
91.38294831100748
91.38294831100748
91.38294831100748
91.38294831100748
91.38294831100748
91.38294831100748
91.38294831100748
91.38294831100748
91.38294831100748
91.38294831100748
91.38294831100748
91.38294831100748
91.38294831100748
91.38294831100748
91.38294831100748
91.38294831100748
91.38294831100748
91.38294831100748
91.38294831100748
91.38294831100748
91.38294831100748
91.38294831100748
91.38294831100748
91.38294831100748
91.38294831100748
91.38294831100748
91.38294831100748
91.38294831100748
91.38294831100748
91.38294831100748
91.38294831100748
91.38294831100748
91.38294831100748
91.38294831100748
91.38294831100748
91.38294831100748
91.38294831100748
91.38294831100748
91.38294831100748
91.38294831100748
91.38294831100748
91.38294831100748
91.38294831100748
91.38294831100748
91.38294831100748
91.38294831100748
91.38294831100748
91.38294831100748
91.38294831100748
91.38294831100748
91.38294831100748
91.38294831100748
91.38294831100748
91.38294831100748
91.38294831100748
91.38294831100748
91.38294831100748
91.38294831100748
91.38294831100748
91.38294831100748
91.38294831100748
91.38294831100748
91.38294831100748
91.38294831100748
91.38294831100748
91.38294831100748
91.38294831100748
91.38294831100748
91.38294831100748
91.38294831100748
91.38294831100748
91.38294831100748
91.38294831100748
91.38294831100748
91.38294831100748
91.38294831100748
91.38294831100748
91.38294831100748
91.38294831100748
91.38294831100748
91.38294831100748
91.38294831100748
91.38294831100748
91.38294831100748
91.38294831100748
91.38294831100748
91.38294831100748
91.38294831100748
91.38294831100748
91.38294831100748
91.38294831100748
91.38294831100748
91.38294831100748
91.38294831100748
91.38294831100748
91.38294831100748
91.38294831100748
91.38294831100748
91.38294831100748
91.38294831100748
91.38294831100748
91.38294831100748
91.38294831100748
91.38294831100748
91.38294831100748
91.38294831100748
91.38294831100748
91.38294831100748
91.38294831100748
91.38294831100748
91.38294831100748
91.38294831100748
91.38294831100748
91.38294831100748
91.38294831100748
91.38294831100748
91.38294831100748
91.38294831100748
91.38294831100748
91.38294831100748
91.38294831100748
91.38294831100748
91.38294831100748
91.38294831100748
91.38294831100748
91.38294831100748
91.38294831100748
91.38294831100748
91.38294831100748
91.38294831100748
91.38294831100748
91.38294831100748
91.38294831100748
91.38294831100748
91.38294831100748
91.38294831100748
91.38294831100748
91.38294831100748
91.38294831100748
91.38294831100748
4.076910383916682
13.074602789591205
29.274436130675802
29.274436130675802
29.274436130675802
29.274436130675802
29.274436130675802
29.274436130675802
34.77054380312578
34.77054380312578
34.77054380312578
34.77054380312578
34.77054380312578
34.77054380312578
34.77054380312578
34.77054380312578
34.77054380312578
34.77054380312578
34.77054380312578
34.77054380312578
34.865427798331666
34.89775925879074
34.89775925879074
34.89775925879074
34.89775925879074
34.89775925879074
34.89775925879074
34.89775925879074
34.89775925879074
34.89775925879074
34.89775925879074
34.89775925879074
34.89775925879074
35.61671671348698
35.61671671348698
35.61671671348698
35.61671671348698
35.61671671348698
35.61671671348698
35.61671671348698
35.61671671348698
35.61671671348698
35.61671671348698
35.61671671348698
35.61671671348698
35.61671671348698
35.61671671348698
35.61671671348698
35.61671671348698
35.61671671348698
35.61671671348698
35.61671671348698
35.61671671348698
35.61671671348698
35.61671671348698
35.61671671348698
35.61671671348698
35.61671671348698
35.61671671348698
35.61671671348698
35.61671671348698
35.61671671348698
35.61671671348698
35.61671671348698
35.61671671348698
35.61671671348698
35.61671671348698
35.61671671348698
35.61671671348698
35.61671671348698
35.61671671348698
35.61671671348698
35.810671046706815
35.810671046706815
46.131412311497726
46.131412311497726
46.131412311497726
46.131412311497726
46.131412311497726
46.131412311497726
46.131412311497726
46.131412311497726
46.131412311497726
46.131412311497726
46.131412311497726
46.131412311497726
46.131412311497726
46.131412311497726
46.131412311497726
46.131412311497726
46.131412311497726
46.131412311497726
46.131412311497726
46.131412311497726
46.131412311497726
46.131412311497726
46.131412311497726
46.131412311497726
46.131412311497726
46.131412311497726
46.131412311497726
46.131412311497726
46.131412311497726
46.131412311497726
46.131412311497726
46.131412311497726
46.131412311497726
46.131412311497726
46.131412311497726
46.131412311497726
46.131412311497726
46.131412311497726
46.131412311497726
46.131412311497726
46.131412311497726
46.131412311497726
46.131412311497726
46.131412311497726
46.131412311497726
46.131412311497726
46.131412311497726
46.131412311497726
46.131412311497726
46.131412311497726
46.131412311497726
46.131412311497726
46.131412311497726
46.131412311497726
46.131412311497726
46.131412311497726
46.131412311497726
46.131412311497726
46.131412311497726
46.131412311497726
46.131412311497726
46.131412311497726
46.131412311497726
46.131412311497726
48.051807578189766
49.71290701201853
49.71290701201853
49.71290701201853
49.71290701201853
49.71290701201853
49.71290701201853
49.71290701201853
49.71290701201853
49.71290701201853
49.71290701201853
50.90531125445099
50.90531125445099
50.90531125445099
50.90531125445099
50.90531125445099
50.90531125445099
50.90531125445099
50.90531125445099
50.90531125445099
52.15568430013378
52.15568430013378
52.74468717589798
52.74468717589798
52.74468717589798
52.74468717589798
52.74468717589798
55.570222324966224
55.570222324966224
55.570222324966224
55.570222324966224
55.570222324966224
55.570222324966224
55.570222324966224
55.570222324966224
55.570222324966224
56.56469159703037
56.56469159703037
56.56469159703037
56.56469159703037
56.56469159703037
56.810147361114964
56.810147361114964
56.810147361114964
56.810147361114964
56.810147361114964
56.810147361114964
56.810147361114964
56.810147361114964
56.810147361114964
56.810147361114964
56.810147361114964
56.810147361114964
56.810147361114964
56.810147361114964
56.810147361114964
56.810147361114964
56.810147361114964
56.810147361114964
56.810147361114964
56.810147361114964
56.810147361114964
56.94295742982096
56.94295742982096
56.94295742982096
56.94295742982096
56.94295742982096
56.94295742982096
56.94295742982096
56.94295742982096
56.94295742982096
56.94295742982096
56.94295742982096
56.94295742982096
56.94295742982096
57.11279451580458
57.11279451580458
57.11279451580458
57.11279451580458
57.11279451580458
57.11279451580458
57.98453818391386
57.98453818391386
60.8949937599847
61.48814355180238
61.520601096177884
61.520601096177884
61.520601096177884
61.5470851230079
61.5470851230079
61.5470851230079
63.016500907718935
63.016500907718935
63.016500907718935
63.016500907718935
63.016500907718935
63.016500907718935
63.047306334217296
63.047306334217296
63.047306334217296
63.047306334217296
63.047306334217296
63.047306334217296
63.047306334217296
63.047306334217296
63.047306334217296
63.047306334217296
63.047306334217296
65.21832664537017
65.21832664537017
65.21832664537017
65.21832664537017
65.21832664537017
65.21832664537017
65.21832664537017
65.21832664537017
66.84413602220525
66.84413602220525
66.84413602220525
66.84413602220525
66.84413602220525
66.84413602220525
66.84413602220525
66.84413602220525
66.84413602220525
66.84413602220525
66.84413602220525
66.84413602220525
66.84413602220525
66.84413602220525
66.84413602220525
66.84413602220525
66.84413602220525
66.84413602220525
66.84413602220525
66.84413602220525
66.84413602220525
66.84413602220525
66.84413602220525
66.84413602220525
66.84413602220525
66.84413602220525
66.84413602220525
66.84413602220525
66.84413602220525
66.84413602220525
66.84413602220525
66.84413602220525
66.85846051082954
66.85846051082954
66.85846051082954
66.85846051082954
66.85846051082954
66.85846051082954
66.85846051082954
66.85846051082954
66.85846051082954
66.85846051082954
66.85846051082954
66.85846051082954
66.85846051082954
66.85846051082954
66.85846051082954
66.85846051082954
66.85846051082954
66.85846051082954
66.85846051082954
66.85846051082954
66.85846051082954
66.85846051082954
66.85846051082954
66.85846051082954
66.85846051082954
66.85846051082954
66.85846051082954
66.85846051082954
66.85846051082954
66.85846051082954
66.85846051082954
66.85846051082954
66.85846051082954
66.85846051082954
66.85846051082954
66.85846051082954
66.85846051082954
66.85846051082954
66.85846051082954
66.85846051082954
66.85846051082954
66.85846051082954
66.85846051082954
66.85846051082954
66.85846051082954
66.85846051082954
66.85846051082954
66.85846051082954
66.85846051082954
66.85846051082954
66.85846051082954
66.85846051082954
66.85846051082954
66.85846051082954
66.85846051082954
66.85846051082954
66.85846051082954
66.85846051082954
66.85846051082954
66.85846051082954
66.85846051082954
66.85846051082954
66.85846051082954
66.85846051082954
66.85846051082954
66.85846051082954
66.85846051082954
66.85846051082954
66.85846051082954
66.85846051082954
66.85846051082954
66.85846051082954
66.85846051082954
66.85846051082954
66.85846051082954
66.85846051082954
66.85846051082954
66.85846051082954
66.85846051082954
66.85846051082954
66.85846051082954
66.85846051082954
66.85846051082954
66.85846051082954
66.85846051082954
66.85846051082954
66.85846051082954
66.85846051082954
66.85846051082954
66.85846051082954
66.85846051082954
66.85846051082954
66.85846051082954
66.85846051082954
66.85846051082954
66.85846051082954
66.85846051082954
66.85846051082954
66.85846051082954
66.85846051082954
66.85846051082954
66.85846051082954
66.85846051082954
66.85846051082954
66.85846051082954
66.85846051082954
66.85846051082954
66.85846051082954
66.85846051082954
66.85846051082954
66.85846051082954
66.85846051082954
66.85846051082954
66.85846051082954
66.85846051082954
66.85846051082954
66.85846051082954
66.85846051082954
66.85846051082954
66.85846051082954
66.85846051082954
66.85846051082954
66.85846051082954
66.85846051082954
66.85846051082954
66.85846051082954
66.85846051082954
66.85846051082954
66.85846051082954
66.85846051082954
66.85846051082954
66.85846051082954
66.85846051082954
68.78294037567007
68.78294037567007
68.78294037567007
68.78294037567007
68.78294037567007
68.78294037567007
68.78294037567007
68.78294037567007
68.78294037567007
68.78294037567007
68.78294037567007
68.78294037567007
68.78294037567007
68.78294037567007
68.78294037567007
68.78294037567007
68.78294037567007
68.78294037567007
68.78294037567007
68.78294037567007
68.78294037567007
68.78294037567007
68.78294037567007
68.78294037567007
68.78294037567007
68.78294037567007
68.78294037567007
68.78294037567007
68.78294037567007
68.78294037567007
68.78294037567007
68.78294037567007
68.78294037567007
68.78294037567007
68.78294037567007
68.78294037567007
68.78294037567007
68.78294037567007
68.78294037567007
68.78294037567007
68.78294037567007
68.78294037567007
68.78294037567007
68.78294037567007
68.78294037567007
68.78294037567007
68.78294037567007
68.78294037567007
68.78294037567007
68.78294037567007
68.78294037567007
68.78294037567007
68.78294037567007
68.78294037567007
68.78294037567007
68.78294037567007
68.78294037567007
68.78294037567007
68.78294037567007
68.78294037567007
68.78294037567007
68.78294037567007
68.78294037567007
68.78294037567007
68.78294037567007
68.78294037567007
68.78294037567007
68.78294037567007
68.78294037567007
68.78294037567007
68.78294037567007
68.78294037567007
68.78294037567007
68.78294037567007
68.78294037567007
68.78294037567007
68.78294037567007
68.78294037567007
68.78294037567007
68.78294037567007
68.78294037567007
68.78294037567007
8.2373764322727
12.235721574876768
14.995989252914601
14.995989252914601
14.995989252914601
19.590254170928823
28.543686071153516
44.33382166891042
44.33382166891042
44.33382166891042
44.33382166891042
44.33382166891042
44.33382166891042
44.33382166891042
44.33382166891042
44.33382166891042
44.33382166891042
44.33382166891042
44.33382166891042
44.33382166891042
44.33382166891042
44.33382166891042
44.33382166891042
44.33382166891042
44.33382166891042
44.33382166891042
44.33382166891042
44.33382166891042
44.33382166891042
44.33382166891042
44.33382166891042
44.33382166891042
44.33382166891042
44.33382166891042
44.33382166891042
44.33382166891042
44.33382166891042
44.33382166891042
44.33382166891042
44.33382166891042
44.33382166891042
44.33382166891042
44.33382166891042
44.33382166891042
44.33382166891042
44.33382166891042
44.33382166891042
44.33382166891042
44.33382166891042
44.33382166891042
44.33382166891042
44.33382166891042
44.33382166891042
44.33382166891042
44.33382166891042
44.33382166891042
44.33382166891042
44.33382166891042
44.33382166891042
44.33382166891042
44.33382166891042
44.33382166891042
44.33382166891042
44.33382166891042
44.33382166891042
44.33382166891042
44.33382166891042
44.33382166891042
44.33382166891042
44.33382166891042
44.33382166891042
44.33382166891042
48.311349307642104
48.311349307642104
48.311349307642104
48.311349307642104
48.311349307642104
48.311349307642104
48.311349307642104
48.311349307642104
48.311349307642104
48.311349307642104
48.311349307642104
48.311349307642104
48.311349307642104
48.311349307642104
48.311349307642104
48.311349307642104
48.311349307642104
48.311349307642104
48.311349307642104
48.311349307642104
48.311349307642104
48.311349307642104
48.311349307642104
48.311349307642104
48.311349307642104
48.311349307642104
48.311349307642104
48.311349307642104
48.311349307642104
48.311349307642104
48.311349307642104
48.311349307642104
48.311349307642104
48.311349307642104
48.311349307642104
48.311349307642104
52.459991428653225
52.459991428653225
52.459991428653225
54.20233909093342
54.20233909093342
54.20233909093342
54.20233909093342
54.20233909093342
54.20233909093342
54.20233909093342
54.20233909093342
54.20233909093342
57.17716187031726
57.17716187031726
57.17716187031726
57.17716187031726
57.17716187031726
57.17716187031726
57.17716187031726
57.17716187031726
57.17716187031726
57.17716187031726
57.17716187031726
57.17716187031726
61.266891721183526
61.266891721183526
61.266891721183526
61.266891721183526
61.266891721183526
61.266891721183526
61.266891721183526
61.266891721183526
61.266891721183526
61.266891721183526
61.266891721183526
61.266891721183526
61.266891721183526
61.266891721183526
61.266891721183526
61.266891721183526
61.266891721183526
61.266891721183526
61.266891721183526
61.266891721183526
61.266891721183526
61.266891721183526
61.266891721183526
61.266891721183526
61.266891721183526
61.266891721183526
61.266891721183526
61.266891721183526
61.266891721183526
61.266891721183526
61.266891721183526
61.266891721183526
61.54974701971096
61.54974701971096
61.54974701971096
61.54974701971096
61.54974701971096
62.6912451989712
62.6912451989712
62.6912451989712
62.6912451989712
62.6912451989712
62.6912451989712
62.6912451989712
62.6912451989712
62.6912451989712
62.6912451989712
62.6912451989712
62.6912451989712
62.6912451989712
62.6912451989712
62.6912451989712
62.6912451989712
62.6912451989712
62.6912451989712
62.6912451989712
62.6912451989712
62.6912451989712
62.6912451989712
62.6912451989712
62.6912451989712
62.6912451989712
62.6912451989712
62.6912451989712
62.6912451989712
62.6912451989712
62.6912451989712
62.6912451989712
62.6912451989712
62.6912451989712
62.6912451989712
62.6912451989712
62.6912451989712
62.6912451989712
62.6912451989712
62.6912451989712
62.6912451989712
62.6912451989712
62.6912451989712
62.6912451989712
62.6912451989712
62.6912451989712
62.6912451989712
62.6912451989712
62.6912451989712
62.6912451989712
62.6912451989712
62.6912451989712
62.6912451989712
62.6912451989712
62.6912451989712
62.6912451989712
62.6912451989712
62.6912451989712
62.6912451989712
62.6912451989712
62.6912451989712
62.6912451989712
62.6912451989712
62.6912451989712
62.6912451989712
62.6912451989712
62.6912451989712
62.6912451989712
62.6912451989712
62.6912451989712
62.6912451989712
62.6912451989712
62.6912451989712
62.6912451989712
62.6912451989712
62.6912451989712
62.6912451989712
62.6912451989712
62.6912451989712
62.6912451989712
62.6912451989712
62.6912451989712
62.6912451989712
62.6912451989712
62.6912451989712
62.6912451989712
62.6912451989712
62.6912451989712
62.6912451989712
62.6912451989712
62.6912451989712
62.6912451989712
62.6912451989712
62.6912451989712
62.6912451989712
62.6912451989712
62.6912451989712
62.6912451989712
62.6912451989712
62.6912451989712
62.6912451989712
62.6912451989712
62.7031814700014
62.7031814700014
62.7031814700014
62.7031814700014
62.941278943165734
62.941278943165734
62.941278943165734
62.941278943165734
62.941278943165734
62.941278943165734
62.941278943165734
62.941278943165734
62.941278943165734
62.941278943165734
62.941278943165734
62.941278943165734
62.941278943165734
62.941278943165734
62.941278943165734
62.941278943165734
62.941278943165734
62.941278943165734
62.941278943165734
62.941278943165734
62.941278943165734
62.941278943165734
62.941278943165734
62.941278943165734
62.941278943165734
62.941278943165734
62.941278943165734
62.941278943165734
62.941278943165734
62.941278943165734
62.941278943165734
62.941278943165734
62.941278943165734
62.941278943165734
62.941278943165734
62.941278943165734
62.941278943165734
62.941278943165734
62.941278943165734
62.941278943165734
62.941278943165734
62.941278943165734
62.941278943165734
62.941278943165734
62.941278943165734
62.941278943165734
62.941278943165734
62.941278943165734
62.941278943165734
62.941278943165734
62.941278943165734
62.941278943165734
62.941278943165734
62.941278943165734
62.941278943165734
62.941278943165734
62.941278943165734
62.941278943165734
62.941278943165734
62.941278943165734
62.941278943165734
62.941278943165734
62.941278943165734
62.941278943165734
62.941278943165734
62.941278943165734
62.941278943165734
62.941278943165734
62.941278943165734
62.941278943165734
62.941278943165734
62.941278943165734
62.941278943165734
62.941278943165734
62.941278943165734
62.941278943165734
62.941278943165734
62.941278943165734
62.941278943165734
62.941278943165734
62.941278943165734
62.941278943165734
62.941278943165734
62.941278943165734
62.941278943165734
62.941278943165734
62.941278943165734
62.941278943165734
62.941278943165734
62.941278943165734
62.941278943165734
62.941278943165734
62.941278943165734
62.941278943165734
62.941278943165734
62.941278943165734
62.941278943165734
62.941278943165734
62.941278943165734
62.941278943165734
62.941278943165734
62.941278943165734
62.941278943165734
62.941278943165734
62.941278943165734
62.941278943165734
62.941278943165734
62.941278943165734
62.941278943165734
62.941278943165734
62.941278943165734
62.941278943165734
62.941278943165734
62.941278943165734
62.941278943165734
62.941278943165734
62.941278943165734
62.941278943165734
62.941278943165734
62.941278943165734
62.941278943165734
62.941278943165734
62.941278943165734
62.941278943165734
62.941278943165734
62.941278943165734
62.941278943165734
62.941278943165734
62.941278943165734
62.941278943165734
62.941278943165734
62.941278943165734
62.941278943165734
62.941278943165734
62.941278943165734
62.941278943165734
62.941278943165734
62.941278943165734
62.941278943165734
62.941278943165734
62.941278943165734
62.941278943165734
62.941278943165734
62.941278943165734
62.941278943165734
62.941278943165734
62.941278943165734
62.941278943165734
62.941278943165734
62.941278943165734
62.941278943165734
62.941278943165734
62.941278943165734
62.941278943165734
62.941278943165734
62.941278943165734
62.941278943165734
62.941278943165734
62.941278943165734
62.941278943165734
62.941278943165734
62.941278943165734
62.941278943165734
62.941278943165734
62.941278943165734
62.941278943165734
62.941278943165734
62.941278943165734
62.941278943165734
62.941278943165734
62.941278943165734
62.941278943165734
62.941278943165734
62.941278943165734
62.941278943165734
62.941278943165734
62.941278943165734
62.941278943165734
62.941278943165734
62.941278943165734
62.941278943165734
62.941278943165734
62.941278943165734
62.941278943165734
62.941278943165734
62.941278943165734
62.941278943165734
62.941278943165734
62.941278943165734
62.941278943165734
62.941278943165734
62.941278943165734
62.941278943165734
62.941278943165734
62.941278943165734
62.941278943165734
62.941278943165734
62.941278943165734
62.941278943165734
62.941278943165734
62.941278943165734
62.941278943165734
62.941278943165734
62.941278943165734
62.941278943165734
62.941278943165734
62.941278943165734
62.941278943165734
62.941278943165734
62.941278943165734
62.941278943165734
62.941278943165734
62.941278943165734
62.941278943165734
62.941278943165734
62.941278943165734
62.941278943165734
62.941278943165734
62.941278943165734
62.941278943165734
62.941278943165734
62.941278943165734
62.941278943165734
62.941278943165734
62.941278943165734
62.941278943165734
62.941278943165734
14.992606111325076
14.992606111325076
14.992606111325076
14.992606111325076
14.992606111325076
14.992606111325076
14.992606111325076
14.992606111325076
14.992606111325076
14.992606111325076
15.66014597730761
15.66014597730761
33.81027821119997
33.81027821119997
33.81027821119997
33.81027821119997
33.81027821119997
33.81027821119997
33.81027821119997
33.81027821119997
33.81027821119997
33.81027821119997
33.81027821119997
33.81027821119997
33.81027821119997
33.81027821119997
33.81027821119997
33.81027821119997
33.81027821119997
33.81027821119997
33.81027821119997
33.81027821119997
33.81027821119997
33.81027821119997
33.81027821119997
33.81027821119997
33.81027821119997
33.81027821119997
33.81027821119997
33.81027821119997
33.81027821119997
33.81027821119997
33.81027821119997
33.81027821119997
33.81027821119997
33.81027821119997
33.81027821119997
33.81027821119997
33.81027821119997
33.81027821119997
33.81027821119997
33.81027821119997
33.81027821119997
33.81027821119997
33.81027821119997
33.81027821119997
33.81027821119997
33.81027821119997
40.530405205207074
40.530405205207074
40.530405205207074
40.530405205207074
40.530405205207074
40.530405205207074
40.530405205207074
43.3066636793411
43.3066636793411
43.3066636793411
43.3066636793411
43.3066636793411
43.3066636793411
43.3066636793411
43.3066636793411
43.3066636793411
43.3066636793411
43.3066636793411
43.3066636793411
43.3066636793411
43.3066636793411
43.3066636793411
43.3066636793411
43.3066636793411
43.3066636793411
43.3066636793411
43.3066636793411
43.3066636793411
43.3066636793411
43.3066636793411
43.3066636793411
43.3066636793411
43.3066636793411
43.3066636793411
43.3066636793411
43.3066636793411
43.3066636793411
43.3066636793411
43.3066636793411
43.3066636793411
43.3066636793411
43.3066636793411
43.3066636793411
43.3066636793411
43.3066636793411
43.3066636793411
43.3066636793411
43.3066636793411
43.3066636793411
43.3066636793411
43.3066636793411
43.3066636793411
43.3066636793411
43.3066636793411
43.3066636793411
43.3066636793411
43.3066636793411
43.3066636793411
43.3066636793411
43.3066636793411
43.3066636793411
43.3066636793411
43.3066636793411
43.3066636793411
43.3066636793411
43.3066636793411
43.3066636793411
43.3066636793411
43.3066636793411
43.3066636793411
43.3066636793411
43.3066636793411
43.3066636793411
43.3066636793411
43.3066636793411
43.3066636793411
43.3066636793411
43.3066636793411
43.3066636793411
43.3066636793411
43.3066636793411
43.3066636793411
43.3066636793411
43.3066636793411
43.3066636793411
43.3066636793411
43.3066636793411
43.3066636793411
43.3066636793411
43.3066636793411
43.3066636793411
43.3066636793411
43.3066636793411
43.3066636793411
43.3066636793411
43.3066636793411
43.3066636793411
43.3066636793411
43.3066636793411
43.3066636793411
43.3066636793411
43.3066636793411
43.3066636793411
43.3066636793411
43.3066636793411
43.3066636793411
43.3066636793411
43.3066636793411
43.3066636793411
43.3066636793411
43.3066636793411
43.3066636793411
43.3066636793411
43.3066636793411
43.3066636793411
43.3066636793411
43.3066636793411
43.3066636793411
43.3066636793411
43.3066636793411
43.3066636793411
43.3066636793411
43.3066636793411
43.3066636793411
43.3066636793411
43.3066636793411
43.3066636793411
43.3066636793411
43.3066636793411
43.3066636793411
43.3066636793411
43.3066636793411
43.3066636793411
43.3066636793411
43.3066636793411
43.3066636793411
43.3066636793411
43.3066636793411
43.3066636793411
43.3066636793411
43.3066636793411
43.3066636793411
43.3066636793411
43.3066636793411
43.3066636793411
43.3066636793411
43.3066636793411
43.3066636793411
43.3066636793411
43.3066636793411
43.3066636793411
43.3066636793411
43.3066636793411
43.3066636793411
43.3066636793411
43.3066636793411
43.3066636793411
43.3066636793411
43.3066636793411
43.3066636793411
43.3066636793411
43.3066636793411
43.3066636793411
43.3066636793411
43.3066636793411
43.3066636793411
43.3066636793411
43.3066636793411
43.3066636793411
43.3066636793411
43.3066636793411
43.3066636793411
43.3066636793411
43.3066636793411
43.3066636793411
43.3066636793411
43.3066636793411
43.3066636793411
43.3066636793411
43.3066636793411
43.3066636793411
43.3066636793411
43.3066636793411
43.3066636793411
43.3066636793411
43.3066636793411
43.3066636793411
43.3066636793411
43.3066636793411
43.3066636793411
43.3066636793411
43.3066636793411
43.3066636793411
43.3066636793411
43.3066636793411
43.3066636793411
43.3066636793411
43.3066636793411
43.3066636793411
43.3066636793411
43.3066636793411
43.3066636793411
43.3066636793411
43.3066636793411
43.3066636793411
43.3066636793411
43.3066636793411
43.3066636793411
43.3066636793411
43.3066636793411
43.3066636793411
43.3066636793411
43.3066636793411
43.3066636793411
43.3066636793411
43.3066636793411
43.3066636793411
43.3066636793411
43.3066636793411
43.3066636793411
43.3066636793411
43.3066636793411
43.3066636793411
43.3066636793411
43.3066636793411
43.3066636793411
43.3066636793411
43.3066636793411
43.3066636793411
43.3066636793411
43.3066636793411
43.3066636793411
43.3066636793411
43.3066636793411
43.3066636793411
43.3066636793411
43.3066636793411
43.3066636793411
43.3066636793411
43.3066636793411
43.3066636793411
43.3066636793411
43.3066636793411
43.3066636793411
43.3066636793411
43.3066636793411
43.3066636793411
43.3066636793411
43.3066636793411
43.3066636793411
46.00076696903593
50.180320787386066
50.180320787386066
50.180320787386066
50.180320787386066
50.180320787386066
50.180320787386066
50.180320787386066
50.180320787386066
50.180320787386066
50.180320787386066
50.180320787386066
50.180320787386066
50.180320787386066
50.180320787386066
50.180320787386066
50.180320787386066
50.180320787386066
50.180320787386066
50.180320787386066
50.180320787386066
50.180320787386066
50.180320787386066
50.180320787386066
50.180320787386066
50.180320787386066
50.180320787386066
50.180320787386066
50.180320787386066
50.180320787386066
50.180320787386066
50.180320787386066
50.180320787386066
50.180320787386066
50.180320787386066
50.180320787386066
50.180320787386066
50.180320787386066
50.180320787386066
50.180320787386066
50.180320787386066
50.180320787386066
50.180320787386066
50.180320787386066
50.180320787386066
50.180320787386066
50.180320787386066
50.180320787386066
50.180320787386066
50.180320787386066
50.180320787386066
50.180320787386066
50.180320787386066
50.180320787386066
50.180320787386066
50.180320787386066
50.180320787386066
50.180320787386066
50.180320787386066
50.180320787386066
50.180320787386066
50.180320787386066
50.180320787386066
50.180320787386066
50.180320787386066
50.180320787386066
50.180320787386066
50.180320787386066
50.180320787386066
50.180320787386066
50.180320787386066
50.180320787386066
50.180320787386066
50.180320787386066
50.180320787386066
50.180320787386066
50.180320787386066
50.180320787386066
50.180320787386066
50.180320787386066
50.180320787386066
50.180320787386066
50.180320787386066
50.180320787386066
50.180320787386066
50.180320787386066
50.180320787386066
50.180320787386066
50.180320787386066
50.180320787386066
50.180320787386066
50.180320787386066
50.180320787386066
50.180320787386066
50.5802909541365
50.5802909541365
50.5802909541365
50.5802909541365
50.5802909541365
50.5802909541365
50.5802909541365
50.5802909541365
50.5802909541365
50.5802909541365
50.5802909541365
50.5802909541365
50.5802909541365
50.5802909541365
50.5802909541365
50.5802909541365
50.5802909541365
50.5802909541365
50.5802909541365
50.5802909541365
50.5802909541365
50.5802909541365
50.5802909541365
50.5802909541365
50.5802909541365
50.5802909541365
50.5802909541365
50.5802909541365
50.5802909541365
50.5802909541365
50.5802909541365
50.5802909541365
50.5802909541365
50.5802909541365
50.5802909541365
50.5802909541365
50.5802909541365
50.5802909541365
50.5802909541365
50.5802909541365
50.5802909541365
50.5802909541365
50.5802909541365
50.5802909541365
50.5802909541365
50.5802909541365
50.5802909541365
50.5802909541365
50.5802909541365
50.5802909541365
50.5802909541365
50.5802909541365
50.5802909541365
50.5802909541365
50.5802909541365
50.5802909541365
50.5802909541365
50.5802909541365
50.5802909541365
50.5802909541365
50.5802909541365
50.5802909541365
50.5802909541365
50.5802909541365
50.5802909541365
50.5802909541365
50.5802909541365
50.5802909541365
50.5802909541365
50.5802909541365
50.5802909541365
50.5802909541365
50.5802909541365
50.5802909541365
50.5802909541365
50.5802909541365
50.5802909541365
50.5802909541365
50.5802909541365
50.5802909541365
50.5802909541365
50.5802909541365
50.5802909541365
50.5802909541365
50.5802909541365
50.5802909541365
50.5802909541365
50.5802909541365
50.5802909541365
50.5802909541365
50.5802909541365
50.5802909541365
50.5802909541365
50.5802909541365
50.5802909541365
50.5802909541365
50.5802909541365
50.5802909541365
50.5802909541365
