17.676273306805072
37.5917337495019
37.5917337495019
37.5917337495019
37.5917337495019
37.8061994965864
37.8061994965864
37.8061994965864
37.8061994965864
37.8061994965864
37.8061994965864
46.20837437728795
53.90938066921333
53.90938066921333
53.90938066921333
53.90938066921333
63.37625334904366
63.37625334904366
63.37625334904366
63.37625334904366
63.37625334904366
63.37625334904366
63.37625334904366
63.37625334904366
63.37625334904366
63.37625334904366
67.7177506024978
67.7177506024978
67.7177506024978
67.7177506024978
67.7177506024978
67.7177506024978
67.7177506024978
67.7177506024978
67.7177506024978
67.7177506024978
67.7177506024978
67.7177506024978
67.7177506024978
67.7177506024978
67.7177506024978
67.7177506024978
67.7177506024978
67.7177506024978
67.7177506024978
67.7177506024978
67.7177506024978
67.7177506024978
67.7177506024978
67.7177506024978
67.7177506024978
67.7177506024978
67.7177506024978
67.7177506024978
67.7177506024978
67.7177506024978
67.7177506024978
67.7177506024978
67.7177506024978
67.7177506024978
67.7177506024978
67.7177506024978
67.7177506024978
67.7177506024978
67.7177506024978
67.7177506024978
67.7177506024978
67.7177506024978
68.20012404375557
68.20012404375557
68.20012404375557
68.20012404375557
68.20012404375557
68.20012404375557
68.20012404375557
68.20012404375557
68.20012404375557
68.20012404375557
68.68229691327686
68.68229691327686
68.68229691327686
68.68229691327686
68.68229691327686
68.68229691327686
68.68229691327686
68.68229691327686
68.68229691327686
68.68229691327686
68.68229691327686
68.68229691327686
68.68229691327686
68.68229691327686
68.68229691327686
68.68229691327686
69.6550620225645
69.6550620225645
69.6550620225645
69.6550620225645
69.6550620225645
69.6550620225645
69.6550620225645
69.6550620225645
69.6550620225645
69.6550620225645
69.6550620225645
69.6550620225645
69.6550620225645
69.6550620225645
69.6550620225645
69.83864171981514
69.83864171981514
69.83864171981514
69.83864171981514
69.83864171981514
69.83864171981514
69.83864171981514
69.83864171981514
69.83864171981514
69.83864171981514
69.83864171981514
69.83864171981514
69.83864171981514
69.83864171981514
74.58574627843849
74.58574627843849
74.58574627843849
74.58574627843849
74.58574627843849
74.58574627843849
74.58574627843849
74.58574627843849
74.58574627843849
74.58574627843849
74.58574627843849
74.58574627843849
74.58574627843849
74.58574627843849
74.58574627843849
74.58574627843849
74.58574627843849
74.58574627843849
74.58574627843849
74.58574627843849
74.58574627843849
74.58574627843849
74.58574627843849
74.58574627843849
74.58574627843849
74.58574627843849
74.58574627843849
74.58574627843849
74.58574627843849
74.58574627843849
74.58574627843849
74.58574627843849
74.58574627843849
74.58574627843849
74.58574627843849
74.58574627843849
74.58574627843849
74.58574627843849
74.58574627843849
74.58574627843849
74.58574627843849
74.58574627843849
74.58574627843849
74.58574627843849
74.58574627843849
74.58574627843849
74.58574627843849
74.58574627843849
74.58574627843849
74.58574627843849
74.58574627843849
74.58574627843849
74.58574627843849
74.58574627843849
74.58574627843849
74.58574627843849
74.58574627843849
74.58574627843849
74.58574627843849
74.58574627843849
74.58574627843849
74.58574627843849
74.58574627843849
74.58574627843849
74.58574627843849
74.58574627843849
74.58574627843849
74.58574627843849
74.58574627843849
74.58574627843849
74.58574627843849
74.58574627843849
74.58574627843849
74.58574627843849
74.58574627843849
74.58574627843849
74.58574627843849
74.58574627843849
74.58574627843849
74.58574627843849
74.58574627843849
74.58574627843849
74.58574627843849
74.58574627843849
74.58574627843849
74.58574627843849
74.58574627843849
74.58574627843849
74.58574627843849
74.58574627843849
74.58574627843849
74.58574627843849
74.58574627843849
74.58574627843849
74.58574627843849
74.58574627843849
74.58574627843849
74.58574627843849
74.58574627843849
74.58574627843849
74.58574627843849
74.58574627843849
74.58574627843849
74.58574627843849
74.58574627843849
74.58574627843849
74.58574627843849
74.58574627843849
74.58574627843849
74.58574627843849
74.58574627843849
74.58574627843849
74.58574627843849
74.58574627843849
74.58574627843849
74.58574627843849
74.58574627843849
74.58574627843849
74.58574627843849
74.58574627843849
74.58574627843849
74.58574627843849
74.58574627843849
74.58574627843849
74.58574627843849
74.58574627843849
74.58574627843849
74.58574627843849
74.58574627843849
74.58574627843849
74.58574627843849
74.58574627843849
74.58574627843849
74.58574627843849
74.58574627843849
74.58574627843849
74.58574627843849
74.58574627843849
74.58574627843849
74.58574627843849
74.58574627843849
74.58574627843849
74.58574627843849
74.58574627843849
74.58574627843849
74.58574627843849
74.58574627843849
74.58574627843849
74.58574627843849
74.58574627843849
74.58574627843849
74.58574627843849
74.58574627843849
74.58574627843849
74.58574627843849
74.58574627843849
74.58574627843849
74.58574627843849
74.58574627843849
74.58574627843849
74.58574627843849
74.58574627843849
74.58574627843849
74.58574627843849
74.58574627843849
74.58574627843849
74.58574627843849
74.58574627843849
74.58574627843849
74.58574627843849
74.58574627843849
74.58574627843849
74.58574627843849
74.58574627843849
74.58574627843849
74.58574627843849
74.58574627843849
74.58574627843849
74.58574627843849
74.58574627843849
74.58574627843849
74.58574627843849
74.58574627843849
74.58574627843849
74.58574627843849
74.58574627843849
74.58574627843849
74.58574627843849
74.58574627843849
74.58574627843849
74.58574627843849
74.58574627843849
74.58574627843849
74.58574627843849
74.58574627843849
74.58574627843849
74.58574627843849
74.58574627843849
74.58574627843849
74.58574627843849
74.58574627843849
74.58574627843849
74.58574627843849
74.58574627843849
74.86995190534563
74.86995190534563
74.86995190534563
74.86995190534563
74.86995190534563
74.86995190534563
74.86995190534563
74.86995190534563
74.86995190534563
74.86995190534563
74.86995190534563
74.86995190534563
74.86995190534563
74.86995190534563
74.86995190534563
74.86995190534563
74.86995190534563
74.86995190534563
74.86995190534563
74.86995190534563
74.86995190534563
74.86995190534563
74.86995190534563
74.86995190534563
74.86995190534563
74.86995190534563
74.86995190534563
74.86995190534563
75.28254805089416
75.28254805089416
75.28254805089416
75.28254805089416
75.28254805089416
75.28254805089416
75.28254805089416
75.28254805089416
77.91432478030164
77.91432478030164
77.91432478030164
77.91432478030164
77.91432478030164
77.91432478030164
77.91432478030164
77.91432478030164
77.91432478030164
77.91432478030164
77.91432478030164
77.91432478030164
77.91432478030164
77.91432478030164
77.91432478030164
77.91432478030164
77.91432478030164
77.91432478030164
77.91432478030164
77.91432478030164
77.91432478030164
77.91432478030164
77.91432478030164
77.91432478030164
77.91432478030164
77.91432478030164
77.91432478030164
77.91432478030164
77.91432478030164
77.91432478030164
77.91432478030164
77.91432478030164
77.91432478030164
77.91432478030164
77.91432478030164
77.91432478030164
77.91432478030164
77.91432478030164
77.91432478030164
77.91432478030164
77.91432478030164
77.91432478030164
77.91432478030164
77.91432478030164
77.91432478030164
77.91432478030164
77.91432478030164
77.91432478030164
77.91432478030164
77.91432478030164
77.91432478030164
77.91432478030164
77.91432478030164
77.91432478030164
77.91432478030164
77.91432478030164
77.91432478030164
77.91432478030164
77.91432478030164
77.91432478030164
77.91432478030164
77.91432478030164
77.91432478030164
77.91432478030164
77.91432478030164
77.91432478030164
77.91432478030164
77.91432478030164
77.91432478030164
77.91432478030164
77.91432478030164
77.91432478030164
77.91432478030164
77.91432478030164
77.91432478030164
77.91432478030164
77.91432478030164
77.91432478030164
77.91432478030164
77.91432478030164
77.91432478030164
77.91432478030164
77.91432478030164
77.91432478030164
77.91432478030164
77.91432478030164
77.91432478030164
77.91432478030164
77.91432478030164
77.91432478030164
77.91432478030164
77.91432478030164
77.91432478030164
77.91432478030164
77.91432478030164
77.91432478030164
77.91432478030164
77.91432478030164
77.91432478030164
77.91432478030164
77.91432478030164
77.91432478030164
77.91432478030164
77.91432478030164
77.91432478030164
77.91432478030164
77.91432478030164
77.91432478030164
78.32989998606075
78.32989998606075
78.32989998606075
78.32989998606075
78.32989998606075
78.32989998606075
78.32989998606075
78.32989998606075
78.32989998606075
78.32989998606075
78.32989998606075
78.32989998606075
78.32989998606075
78.32989998606075
78.32989998606075
78.32989998606075
78.32989998606075
78.32989998606075
78.32989998606075
78.32989998606075
78.32989998606075
78.32989998606075
78.32989998606075
78.32989998606075
78.32989998606075
78.32989998606075
78.32989998606075
78.32989998606075
78.32989998606075
78.32989998606075
9.064078500534846
9.064078500534846
9.064078500534846
12.119706708763466
12.119706708763466
14.99347537117135
14.99347537117135
14.99347537117135
14.99347537117135
21.052449274233233
21.052449274233233
21.108520643940842
28.74507196596951
30.89740489288378
31.066410143920177
31.066410143920177
31.066410143920177
36.6336389689619
36.633639888764876
36.63407861949739
36.63407861949739
36.63407861949739
36.72154027267585
36.72154027267585
36.72160812985507
36.72160812985507
36.73026607226757
36.78148454011714
36.78148454011714
36.78148454011714
36.80076645984493
36.80265068165529
36.89375043732511
36.89375043732511
36.89375043732511
36.89375043732511
36.89375043732511
36.89375043732511
36.8947938631734
36.8947938631734
36.8947938631734
36.90095308944434
36.90095308944434
36.90095308944434
36.90095308944434
36.90095308944434
36.901639744893096
36.901639744893096
36.9449347533708
36.9449347533708
36.9449347533708
36.9449347533708
36.9449347533708
36.9449347533708
36.97474794944776
36.97474794944776
36.97474794944776
36.97474794944776
36.97474794944776
36.9752824076608
36.9752824076608
36.9752824076608
36.9752824076608
36.9752824076608
36.97536157434898
36.97576344124796
36.97576344124796
36.97576344124796
36.97576344124796
36.97727934672426
36.97727934672426
36.97727934672426
36.97727934672426
36.97727934672426
36.97727934672426
36.97727934672426
36.97727934672426
36.97727934672426
36.97727934672426
36.97727934672426
36.97727934672426
36.97727934672426
36.97727934672426
36.97727934672426
36.97727934672426
36.97727934672426
36.97727934672426
36.97727934672426
36.97727934672426
36.97727934672426
36.97727934672426
36.97727934672426
36.97727934672426
36.97727934672426
36.97758372820167
36.97758372820167
36.97758372820167
36.97758372820167
36.97758372820167
36.97758372820167
36.97758372820167
36.97758372820167
36.97758372820167
36.97758372820167
36.97758372820167
36.97758372820167
36.97758372820167
36.97758372820167
36.97758372820167
36.97758372820167
36.97758372820167
36.97758372820167
36.97758372820167
36.97758372820167
36.97758372820167
36.97758372820167
36.97758372820167
36.97758372820167
36.97758372820167
36.97758372820167
36.97758372820167
36.97758372820167
36.97758372820167
36.97758372820167
37.17990882131965
37.17990882131965
37.18404033649118
37.18429668024028
37.18429668024028
37.18429668024028
37.18429668024028
37.18429668024028
37.18429668024028
37.18429668024028
37.18429668024028
37.18429668024028
37.18429668024028
37.18429668024028
37.184531861471314
37.184531861471314
37.184531861471314
37.19297522549129
37.19297522549129
37.19297522549129
37.19297522549129
37.19297522549129
37.19297522549129
37.19297522549129
37.19297522549129
37.19297522549129
37.193115617110436
37.193115617110436
37.193115617110436
37.193115617110436
37.193115617110436
37.193115617110436
37.193115617110436
37.193151283988506
37.193151283988506
37.193151283988506
37.193151283988506
37.19315686495391
37.19315686495391
37.19316321101209
37.19316321101209
37.19316321101209
37.19316321101209
37.19326168868024
37.19326168868024
37.19326168868024
37.19326168868024
37.19326168868024
37.19326168868024
37.19326168868024
37.19326168868024
37.19343253257876
37.19343253257876
37.19343253257876
37.19343253257876
37.19343253257876
37.19343253257876
37.20169031500808
37.20169031500808
37.20169031500808
37.20169031500808
37.202566851032934
37.202566851032934
37.202566851032934
37.202566851032934
37.202566851032934
37.202566851032934
37.202566851032934
37.202566851032934
37.202566851032934
37.202566851032934
37.202566851032934
37.202566851032934
37.202566851032934
37.202566851032934
37.202566851032934
37.202566851032934
37.202566851032934
37.202620948169745
37.202620948169745
37.202620948169745
37.202620948169745
37.202620948169745
37.202620948169745
37.202620948169745
37.202620948169745
37.202620948169745
37.202620948169745
37.202620948169745
37.202620948169745
37.202620948169745
37.202620948169745
37.202620948169745
37.202620948169745
37.20409232229816
37.20409232229816
37.34976839067541
37.47938665237604
37.47940084610392
37.48069168102233
38.26069408504423
38.26069408504423
38.26134105018995
39.63261881998051
40.90433144946613
40.90433144946613
40.90433144946613
40.90433144946613
40.90433144946613
40.90433144946613
40.90433144946613
40.90433144946613
40.90433144946613
40.90433144946613
40.90433144946613
40.90433144946613
40.94107298157539
40.94107298157539
40.94107298157539
40.94107298157539
40.94107298157539
40.94107298157539
40.94107298157539
40.94107298157539
40.94107298157539
41.01160108166403
41.01160108166403
41.01160108166403
41.01160108166403
41.01160108166403
41.01160108166403
41.01160108166403
41.01160108166403
44.10969067925205
44.10969067925205
44.10969067925205
44.10969067925205
44.10969067925205
44.10969067925205
44.10969067925205
44.10969067925205
44.10969067925205
44.10969067925205
44.10969067925205
44.10969067925205
44.10969067925205
44.10969067925205
44.10969067925205
47.8784008556332
47.8784008556332
47.8784008556332
47.8784008556332
47.8784008556332
47.8784008556332
47.8784008556332
47.8784008556332
47.8784008556332
47.8784008556332
47.8784008556332
47.8784008556332
47.8784008556332
47.8784008556332
47.8784008556332
47.8784008556332
47.8784008556332
47.8784008556332
47.8784008556332
47.8784008556332
47.8784008556332
47.8784008556332
47.8784008556332
47.8784008556332
47.8784008556332
47.8784008556332
47.8784008556332
47.8784008556332
47.8784008556332
47.8784008556332
49.9646118628
50.92458937049458
50.92458937049458
50.92458937049458
50.92458937049458
50.92458937049458
50.92458937049458
50.92458937049458
50.92458937049458
50.92458937049458
50.92458937049458
50.92458937049458
50.92458937049458
50.92458937049458
50.92458937049458
50.92458937049458
50.92458937049458
50.92458937049458
50.92458937049458
50.92458937049458
50.92458937049458
50.92458937049458
50.92458937049458
50.92458937049458
50.92458937049458
50.92458937049458
50.92458937049458
50.92458937049458
50.92458937049458
50.92458937049458
50.92458937049458
50.92458937049458
50.92458937049458
50.92458937049458
50.92458937049458
50.92458937049458
50.92458937049458
50.92458937049458
50.92458937049458
50.92458937049458
51.360131746625214
51.360131746625214
51.360131746625214
51.360131746625214
51.360131746625214
51.360131746625214
51.360131746625214
51.360131746625214
51.360131746625214
51.360131746625214
51.360131746625214
51.360131746625214
51.360131746625214
51.360131746625214
51.360131746625214
51.360131746625214
51.360131746625214
51.360131746625214
51.360131746625214
51.360131746625214
51.360131746625214
51.360131746625214
51.360131746625214
51.360131746625214
51.360131746625214
51.360131746625214
51.360131746625214
51.360131746625214
51.360131746625214
51.360131746625214
51.360131746625214
51.360131746625214
51.360131746625214
51.360131746625214
51.360131746625214
51.360131746625214
51.360131746625214
51.360131746625214
51.360131746625214
51.360131746625214
51.360131746625214
51.360131746625214
51.360131746625214
51.360131746625214
51.360131746625214
51.360131746625214
51.360131746625214
51.360131746625214
51.360131746625214
51.360131746625214
51.360131746625214
51.360131746625214
51.360131746625214
51.360131746625214
51.360131746625214
51.360131746625214
51.360131746625214
52.23058500671171
52.23058500671171
52.23058500671171
52.23058500671171
52.23058500671171
52.23058500671171
52.23058500671171
52.23058500671171
52.23058500671171
52.23058500671171
52.23058500671171
52.23058500671171
52.23058500671171
52.23058500671171
52.23058500671171
52.23058500671171
52.23058500671171
52.23058500671171
52.23058500671171
52.23058500671171
52.23058500671171
52.23058500671171
52.23058500671171
52.23058500671171
52.23058500671171
52.23058500671171
52.23058500671171
52.23058500671171
52.23058500671171
52.23058500671171
52.23058500671171
52.23058500671171
52.23058500671171
52.23058500671171
52.23058500671171
52.23058500671171
52.23058500671171
52.23058500671171
52.23058500671171
52.23058500671171
52.23058500671171
52.23058500671171
52.23058500671171
52.23058500671171
52.80273508051904
52.80273508051904
52.80273508051904
52.80273508051904
52.80273508051904
52.80273508051904
52.90620928385916
52.90620928385916
52.90620928385916
52.90620928385916
52.90620928385916
52.90620928385916
52.90620928385916
52.90620928385916
52.90620928385916
52.90620928385916
52.90620928385916
52.90620928385916
52.90620928385916
52.90620928385916
52.90620928385916
52.90620928385916
52.90620928385916
52.90620928385916
52.90620928385916
52.90620928385916
52.90620928385916
52.90620928385916
52.90620928385916
52.90620928385916
52.90620928385916
52.90620928385916
52.90620928385916
52.90620928385916
52.90620928385916
52.90620928385916
52.90620928385916
52.90620928385916
52.90620928385916
52.90620928385916
52.90620928385916
52.90620928385916
52.90620928385916
52.90620928385916
52.90620928385916
52.90620928385916
52.90620928385916
52.90620928385916
52.90620928385916
52.90620928385916
52.90620928385916
52.90620928385916
52.90620928385916
52.90620928385916
52.90620928385916
52.90620928385916
52.90620928385916
52.90620928385916
2.039153889808923
22.16531859171386
22.16531859171386
22.16531859171386
22.16531859171386
22.16531859171386
22.16531859171386
22.16531859171386
22.16531859171386
22.93411412724353
28.747739679901724
28.747739679901724
30.822373175127368
33.20814760048287
33.20814760048287
33.20814760048287
33.20814760048287
33.20814760048287
33.20814760048287
33.20814760048287
40.30044106565586
40.30044106565586
64.22458461586749
64.22458461586749
64.22458461586749
64.22458461586749
64.22458461586749
64.22458461586749
64.22458461586749
64.22458461586749
64.22458461586749
64.22458461586749
64.22458461586749
64.22458461586749
64.22458461586749
64.22458461586749
64.22458461586749
64.22458461586749
64.22458461586749
64.22458461586749
64.22458461586749
64.22458461586749
64.22458461586749
64.22458461586749
64.22458461586749
64.22458461586749
64.22458461586749
64.22458461586749
64.22458461586749
64.22458461586749
64.22458461586749
64.22458461586749
64.22458461586749
64.22458461586749
64.22458461586749
64.22458461586749
64.22458461586749
64.22458461586749
64.22458461586749
64.22458461586749
64.22458461586749
64.22458461586749
64.22458461586749
64.22458461586749
64.22458461586749
64.22458461586749
64.22458461586749
64.22458461586749
64.22458461586749
64.22458461586749
64.22458461586749
64.22458461586749
64.22458461586749
64.22458461586749
64.22458461586749
64.22458461586749
64.22458461586749
64.22458461586749
64.22458461586749
64.22458461586749
64.22458461586749
64.22458461586749
64.22458461586749
64.22458461586749
64.22458461586749
64.22458461586749
64.22458461586749
64.22458461586749
64.22458461586749
64.22458461586749
64.22458461586749
64.22458461586749
64.22458461586749
64.22458461586749
64.22458461586749
64.22458461586749
64.22458461586749
64.22458461586749
64.22458461586749
64.22458461586749
64.22458461586749
64.22458461586749
64.22458461586749
64.22458461586749
64.22458461586749
64.22458461586749
64.22458461586749
64.22458461586749
64.22458461586749
64.22458461586749
64.22458461586749
64.22458461586749
64.22458461586749
64.22458461586749
64.22458461586749
64.22458461586749
64.22458461586749
64.22458461586749
64.22458461586749
64.22458461586749
64.22458461586749
64.22458461586749
64.22458461586749
64.22458461586749
64.22458461586749
64.22458461586749
64.22458461586749
64.22458461586749
64.22458461586749
64.22458461586749
64.22458461586749
64.22458461586749
64.22458461586749
64.22458461586749
64.22458461586749
64.22458461586749
64.22458461586749
64.22458461586749
64.22458461586749
64.22458461586749
64.22458461586749
64.22458461586749
64.22458461586749
64.22458461586749
64.22458461586749
64.22458461586749
64.22458461586749
64.22458461586749
64.22458461586749
64.22458461586749
64.22458461586749
64.22458461586749
64.22458461586749
64.22458461586749
64.22458461586749
64.22458461586749
64.22458461586749
64.22458461586749
64.22458461586749
64.22458461586749
64.22458461586749
64.22458461586749
64.22458461586749
64.22458461586749
64.22458461586749
64.22458461586749
64.22458461586749
64.22458461586749
64.22458461586749
64.22458461586749
64.22458461586749
64.22458461586749
64.22458461586749
64.22458461586749
64.22458461586749
64.22458461586749
64.22458461586749
64.22458461586749
64.22458461586749
64.22458461586749
64.22458461586749
64.22458461586749
64.22458461586749
64.22458461586749
64.22458461586749
64.22458461586749
64.22458461586749
64.22458461586749
64.22458461586749
64.22458461586749
64.22458461586749
64.22458461586749
64.22458461586749
64.22458461586749
64.22458461586749
64.22458461586749
64.22458461586749
64.22458461586749
64.22458461586749
64.22458461586749
64.22458461586749
64.22458461586749
64.22458461586749
64.22458461586749
64.22458461586749
64.22458461586749
64.22458461586749
64.22458461586749
64.22458461586749
64.22458461586749
64.22458461586749
64.22458461586749
64.22458461586749
64.22458461586749
64.22458461586749
64.22458461586749
64.22458461586749
64.22458461586749
64.22458461586749
64.22458461586749
64.22458461586749
64.22458461586749
64.22458461586749
64.22458461586749
64.22458461586749
64.22458461586749
64.22458461586749
64.22458461586749
64.22458461586749
64.22458461586749
64.22458461586749
64.22458461586749
64.22458461586749
64.22458461586749
64.22458461586749
64.22458461586749
64.22458461586749
64.22458461586749
64.22458461586749
64.22458461586749
64.22458461586749
64.22458461586749
64.22458461586749
64.22458461586749
64.22458461586749
64.22458461586749
64.22458461586749
64.22458461586749
64.22458461586749
64.22458461586749
64.22458461586749
64.22458461586749
64.22458461586749
64.22458461586749
64.22458461586749
64.22458461586749
64.22458461586749
64.22458461586749
64.22458461586749
64.22458461586749
64.22458461586749
64.22458461586749
64.22458461586749
64.22458461586749
64.22458461586749
64.22458461586749
64.22458461586749
64.22458461586749
64.22458461586749
64.22458461586749
64.22458461586749
64.22458461586749
64.22458461586749
64.22458461586749
64.22458461586749
64.22458461586749
64.22458461586749
64.22458461586749
64.22458461586749
64.22458461586749
64.22458461586749
64.22458461586749
64.22458461586749
64.22458461586749
64.22458461586749
64.22458461586749
64.22458461586749
64.22458461586749
64.22458461586749
64.22458461586749
64.22458461586749
64.22458461586749
64.22458461586749
64.22458461586749
64.22458461586749
64.22458461586749
64.22458461586749
64.22458461586749
64.22458461586749
64.22458461586749
64.22458461586749
64.22458461586749
64.22458461586749
64.22458461586749
64.22458461586749
64.22458461586749
64.22458461586749
64.22458461586749
64.22458461586749
64.22458461586749
64.22458461586749
64.22458461586749
64.22458461586749
64.22458461586749
64.22458461586749
64.22458461586749
64.22458461586749
64.22458461586749
64.22458461586749
64.22458461586749
64.22458461586749
64.22458461586749
64.22458461586749
64.22458461586749
64.22458461586749
64.22458461586749
64.22458461586749
64.22458461586749
64.22458461586749
64.22458461586749
64.22458461586749
64.22458461586749
64.22458461586749
64.22458461586749
64.22458461586749
64.22458461586749
64.22458461586749
64.22458461586749
64.22458461586749
64.22458461586749
64.22458461586749
64.22458461586749
64.22458461586749
64.22458461586749
64.22458461586749
64.22458461586749
64.22458461586749
64.22458461586749
64.22458461586749
64.22458461586749
64.22458461586749
64.22458461586749
64.22458461586749
64.22458461586749
64.22458461586749
64.22458461586749
64.22458461586749
64.22458461586749
64.22458461586749
64.22458461586749
64.22458461586749
64.22458461586749
64.22458461586749
64.22458461586749
64.22458461586749
64.22458461586749
64.22458461586749
64.22458461586749
64.22458461586749
64.22458461586749
64.22458461586749
64.22458461586749
64.22458461586749
64.22458461586749
64.22458461586749
64.22458461586749
64.22458461586749
64.22458461586749
64.22458461586749
64.22458461586749
64.22458461586749
64.22458461586749
64.22458461586749
64.22458461586749
64.22458461586749
64.22458461586749
64.22458461586749
64.22458461586749
64.22458461586749
64.22458461586749
64.22458461586749
64.22458461586749
64.22458461586749
64.22458461586749
64.22458461586749
64.22458461586749
64.22458461586749
64.22458461586749
64.22458461586749
64.22458461586749
64.22458461586749
64.22458461586749
64.22458461586749
64.22458461586749
64.22458461586749
64.22458461586749
64.22458461586749
64.22458461586749
64.22458461586749
64.22458461586749
64.22458461586749
64.22458461586749
64.22458461586749
64.22458461586749
64.22458461586749
64.22458461586749
64.22458461586749
64.22458461586749
64.22458461586749
64.22458461586749
64.22458461586749
64.22458461586749
64.22458461586749
64.22458461586749
64.22458461586749
64.22458461586749
64.22458461586749
64.22458461586749
64.22458461586749
64.22458461586749
64.22458461586749
64.22458461586749
64.22458461586749
64.22458461586749
64.22458461586749
64.22458461586749
64.22458461586749
64.22458461586749
64.22458461586749
64.22458461586749
64.22458461586749
64.22458461586749
64.22458461586749
64.22458461586749
64.22458461586749
64.22458461586749
64.22458461586749
64.22458461586749
64.22458461586749
64.22458461586749
64.22458461586749
64.22458461586749
64.22458461586749
64.22458461586749
64.22458461586749
64.22458461586749
64.22458461586749
64.22458461586749
64.22458461586749
64.22458461586749
64.22458461586749
64.22458461586749
64.22458461586749
64.22458461586749
64.22458461586749
64.22458461586749
64.22458461586749
64.22458461586749
64.22458461586749
64.22458461586749
64.22458461586749
64.22458461586749
64.22458461586749
64.22458461586749
64.22458461586749
64.22458461586749
64.22458461586749
64.22458461586749
64.22458461586749
64.22458461586749
64.22458461586749
64.22458461586749
64.22458461586749
64.22458461586749
64.22458461586749
64.22458461586749
64.22458461586749
64.22458461586749
64.22458461586749
64.22458461586749
64.22458461586749
64.22458461586749
64.22458461586749
64.22458461586749
64.22458461586749
64.22458461586749
64.22458461586749
64.22458461586749
64.22458461586749
64.22458461586749
64.22458461586749
8.963654516797057
13.700468263184696
13.700468263184696
13.700468263184696
13.700468263184696
17.617198467218998
17.617198467218998
17.617198467218998
17.617198467218998
17.617198467218998
17.617198467218998
17.639073604143878
21.836360759134976
25.085619569403192
25.085619569403192
26.37779549310652
26.37779549310652
26.37779549310652
26.37779549310652
26.37779549310652
26.37779549310652
26.37779549310652
26.37779549310652
29.882524204194745
37.391415535195456
37.391415535195456
37.64944507762962
37.64944507762962
37.64944507762962
37.64944507762962
37.64944507762962
37.64944507762962
37.64944507762962
37.64944507762962
37.64944507762962
37.64944507762962
37.64944507762962
37.64944507762962
37.64944507762962
37.64944507762962
37.64944507762962
37.64944507762962
37.64944507762962
37.64944507762962
37.64944507762962
37.64944507762962
37.64944507762962
37.64944507762962
37.64944507762962
37.64944507762962
37.64944507762962
37.64944507762962
37.64944507762962
37.64944507762962
42.13454996147644
42.13454996147644
42.13454996147644
42.13454996147644
42.13454996147644
42.13454996147644
42.13454996147644
42.13454996147644
42.13454996147644
42.13454996147644
42.13454996147644
42.13454996147644
42.13454996147644
42.13454996147644
42.13454996147644
42.13454996147644
44.258342226400494
44.258342226400494
44.258342226400494
44.258342226400494
44.258342226400494
44.258342226400494
44.258342226400494
44.258342226400494
44.258342226400494
44.258342226400494
44.258342226400494
44.258342226400494
44.258342226400494
44.258342226400494
44.258342226400494
44.258342226400494
44.258342226400494
44.258342226400494
44.258342226400494
44.258342226400494
44.258342226400494
44.258342226400494
44.258342226400494
44.258342226400494
44.258342226400494
44.258342226400494
44.258342226400494
44.258342226400494
44.258342226400494
44.258342226400494
44.258342226400494
44.258342226400494
44.258342226400494
44.258342226400494
44.258342226400494
44.258342226400494
44.258342226400494
44.258342226400494
46.15100059557613
46.15100059557613
46.15100059557613
46.15100059557613
46.15100059557613
46.15100059557613
46.15100059557613
46.15100059557613
46.15100059557613
46.15100059557613
46.15100059557613
46.15100059557613
46.15100059557613
46.15100059557613
46.15100059557613
46.15100059557613
46.15100059557613
46.15100059557613
46.15100059557613
46.15100059557613
46.15100059557613
46.15100059557613
46.15100059557613
46.15100059557613
46.15100059557613
46.15100059557613
46.15100059557613
46.15100059557613
46.15100059557613
46.15100059557613
46.15100059557613
46.15100059557613
46.15100059557613
46.15100059557613
46.15100059557613
46.15100059557613
46.15100059557613
46.15100059557613
46.15100059557613
46.15100059557613
46.15100059557613
46.15100059557613
46.15100059557613
46.15100059557613
46.15100059557613
46.15100059557613
46.15100059557613
46.15100059557613
46.15100059557613
46.15100059557613
46.15100059557613
46.15100059557613
46.15100059557613
46.15100059557613
46.15100059557613
46.15100059557613
46.15100059557613
46.15100059557613
46.15100059557613
46.15100059557613
46.15100059557613
46.15100059557613
46.15100059557613
46.15100059557613
46.15100059557613
46.15100059557613
46.15100059557613
46.15100059557613
46.15100059557613
46.15100059557613
46.15100059557613
46.15100059557613
46.15100059557613
46.15100059557613
46.15100059557613
46.15100059557613
46.15100059557613
46.15100059557613
46.15100059557613
46.15100059557613
46.15100059557613
46.15100059557613
46.15100059557613
46.15100059557613
46.15100059557613
46.15100059557613
46.15100059557613
46.15100059557613
46.15100059557613
46.15100059557613
46.15100059557613
46.15100059557613
46.15100059557613
46.15100059557613
46.15100059557613
46.15100059557613
46.15100059557613
46.15100059557613
46.15100059557613
46.15100059557613
46.15100059557613
46.15100059557613
46.15100059557613
46.15100059557613
46.15100059557613
46.15100059557613
46.15100059557613
46.15100059557613
46.15100059557613
46.15100059557613
46.15100059557613
46.15100059557613
46.15100059557613
46.15100059557613
46.15100059557613
46.15100059557613
46.15100059557613
46.15100059557613
46.15100059557613
46.15100059557613
46.15100059557613
46.15100059557613
46.15100059557613
46.15100059557613
46.15100059557613
46.15100059557613
46.15100059557613
46.15100059557613
46.15100059557613
46.15100059557613
46.15100059557613
46.15100059557613
46.15100059557613
46.15100059557613
46.15100059557613
46.15100059557613
46.15100059557613
46.15100059557613
46.15100059557613
46.15100059557613
46.15100059557613
46.15100059557613
46.15100059557613
46.15100059557613
46.15100059557613
46.15100059557613
46.15100059557613
46.15100059557613
46.15100059557613
46.15100059557613
46.15100059557613
46.15100059557613
46.15100059557613
46.15100059557613
46.15100059557613
46.15100059557613
46.15100059557613
46.15100059557613
46.15100059557613
46.15100059557613
46.15100059557613
46.15100059557613
46.15100059557613
46.15100059557613
46.15100059557613
46.15100059557613
46.15100059557613
46.15100059557613
46.15100059557613
46.15100059557613
46.15100059557613
46.15100059557613
46.15100059557613
46.15100059557613
46.15100059557613
46.15100059557613
46.15100059557613
46.15100059557613
46.15100059557613
46.15100059557613
46.15100059557613
46.15100059557613
46.15100059557613
46.15100059557613
46.380752739032225
46.380752739032225
46.380752739032225
46.380752739032225
46.380752739032225
46.380752739032225
46.380752739032225
46.380752739032225
46.380752739032225
46.380752739032225
46.380752739032225
46.380752739032225
46.380752739032225
46.380752739032225
46.380752739032225
46.380752739032225
46.380752739032225
46.380752739032225
46.380752739032225
46.380752739032225
46.380752739032225
46.380752739032225
46.380752739032225
46.380752739032225
46.380752739032225
46.380752739032225
46.380752739032225
46.380752739032225
46.380752739032225
46.380752739032225
46.380752739032225
46.380752739032225
46.380752739032225
46.380752739032225
46.380752739032225
46.380752739032225
46.380752739032225
46.380752739032225
46.380752739032225
46.380752739032225
46.380752739032225
46.380752739032225
46.380752739032225
46.380752739032225
46.380752739032225
46.380752739032225
46.380752739032225
46.380752739032225
46.380752739032225
46.380752739032225
46.380752739032225
46.380752739032225
46.380752739032225
46.380752739032225
46.380752739032225
46.380752739032225
46.380752739032225
46.380752739032225
46.380752739032225
46.380752739032225
46.380752739032225
46.380752739032225
46.380752739032225
46.380752739032225
46.380752739032225
46.380752739032225
46.380752739032225
46.380752739032225
46.380752739032225
46.380752739032225
46.380752739032225
46.380752739032225
46.380752739032225
46.380752739032225
46.380752739032225
46.380752739032225
46.380752739032225
46.380752739032225
46.380752739032225
46.380752739032225
46.380752739032225
46.380752739032225
46.380752739032225
46.380752739032225
46.380752739032225
46.380752739032225
46.380752739032225
46.380752739032225
46.380752739032225
46.380752739032225
46.380752739032225
46.380752739032225
46.39042898195377
46.39042898195377
46.39042898195377
46.39042898195377
46.39042898195377
46.39042898195377
46.39042898195377
46.39042898195377
46.39042898195377
46.39042898195377
46.39042898195377
46.54841966954745
46.54841966954745
46.54841966954745
46.54841966954745
46.54841966954745
46.54841966954745
46.54841966954745
46.54841966954745
46.54841966954745
46.54841966954745
46.54841966954745
46.54841966954745
46.54841966954745
46.54841966954745
46.54841966954745
46.54841966954745
46.54841966954745
46.54841966954745
46.54841966954745
46.54841966954745
46.54841966954745
46.54841966954745
46.54841966954745
46.54841966954745
46.83292169208329
46.83292169208329
46.83292169208329
46.83292169208329
46.83292169208329
46.83292169208329
46.83292169208329
46.83292169208329
46.83292169208329
58.07874277190356
58.07874277190356
58.07874277190356
58.07874277190356
59.78710576342991
59.78710576342991
59.78710576342991
59.78710576342991
59.78710576342991
59.78710576342991
59.78710576342991
60.00570518522935
60.2702734977641
60.2702734977641
60.2702734977641
61.510079677707814
61.510079677707814
61.510079677707814
61.510079677707814
61.510079677707814
61.510079677707814
61.510079677707814
61.510079677707814
61.510079677707814
61.510079677707814
61.510079677707814
61.510079677707814
61.510079677707814
61.510079677707814
61.510079677707814
61.510079677707814
61.510079677707814
61.510079677707814
61.510079677707814
61.510079677707814
61.510079677707814
61.510079677707814
61.510079677707814
61.510079677707814
61.510079677707814
61.510079677707814
61.510079677707814
61.510079677707814
61.510079677707814
61.510079677707814
61.510079677707814
61.510079677707814
61.510079677707814
61.510079677707814
61.510079677707814
61.510079677707814
61.510079677707814
61.510079677707814
61.510079677707814
61.510079677707814
61.510079677707814
61.510079677707814
61.510079677707814
61.510079677707814
61.510079677707814
61.510079677707814
61.510079677707814
61.510079677707814
61.510079677707814
61.510079677707814
61.510079677707814
61.510079677707814
61.510079677707814
61.510079677707814
61.510079677707814
61.510079677707814
61.510079677707814
61.510079677707814
5.426799102713753
29.416442383236955
29.416442383236955
29.416442383236955
36.272492278306096
36.272492278306096
36.272492278306096
36.272492278306096
36.272492278306096
36.272492278306096
36.272492278306096
36.272492278306096
36.272492278306096
39.10543619546899
39.10543619546899
39.10543619546899
39.10543619546899
39.10543619546899
39.99177132094347
39.99177132094347
39.99177132094347
39.99177132094347
41.45365523754929
41.45365523754929
41.45365523754929
41.45365523754929
41.45365523754929
41.45365523754929
41.45365523754929
41.45365523754929
41.45365523754929
41.45365523754929
41.45365523754929
41.45365523754929
41.45365523754929
41.45365523754929
41.45365523754929
41.45365523754929
41.45365523754929
41.45365523754929
41.45365523754929
41.45365523754929
41.45365523754929
41.45365523754929
41.45365523754929
51.53805213153811
51.53805213153811
51.53805213153811
51.53805213153811
51.53805213153811
51.53805213153811
51.53805213153811
51.53805213153811
51.53805213153811
51.53805213153811
51.53805213153811
51.53805213153811
51.53805213153811
51.53805213153811
51.53805213153811
51.53805213153811
51.53805213153811
51.53805213153811
51.53805213153811
51.53805213153811
51.53805213153811
51.53805213153811
51.53805213153811
51.53805213153811
51.53805213153811
51.53805213153811
51.53805213153811
51.53805213153811
51.53805213153811
51.53805213153811
51.53805213153811
51.53805213153811
51.53805213153811
51.53805213153811
51.53805213153811
51.53805213153811
51.53805213153811
51.53805213153811
51.53805213153811
70.51559685050648
70.51559685050648
70.51559685050648
70.51559685050648
70.51559685050648
70.51559685050648
70.51559685050648
70.51559685050648
70.51559685050648
70.51559685050648
70.51559685050648
70.51559685050648
70.51559685050648
70.51559685050648
70.51559685050648
70.51559685050648
70.51559685050648
70.51559685050648
70.51559685050648
70.51559685050648
70.51559685050648
70.51559685050648
70.51559685050648
70.51559685050648
70.51559685050648
70.51559685050648
70.51559685050648
70.51559685050648
70.51559685050648
70.51559685050648
70.51559685050648
70.51559685050648
70.51559685050648
70.51559685050648
70.51559685050648
70.51559685050648
70.51559685050648
70.51559685050648
70.51559685050648
70.51559685050648
70.51559685050648
70.51559685050648
70.51559685050648
70.51559685050648
70.51559685050648
70.51559685050648
70.51559685050648
70.51559685050648
70.51559685050648
70.51559685050648
70.51559685050648
70.51559685050648
70.51559685050648
70.51559685050648
70.51559685050648
70.51559685050648
70.51559685050648
70.51559685050648
70.51559685050648
70.51559685050648
70.51559685050648
70.51559685050648
70.51559685050648
70.51559685050648
70.51559685050648
70.51559685050648
70.51559685050648
70.51559685050648
70.51559685050648
70.51559685050648
70.51559685050648
70.51559685050648
70.51559685050648
70.51559685050648
70.51559685050648
70.51559685050648
70.51559685050648
70.51559685050648
70.51559685050648
70.51559685050648
70.51559685050648
70.51559685050648
70.51559685050648
70.51559685050648
70.51559685050648
70.51559685050648
70.51559685050648
70.51559685050648
70.51559685050648
70.51559685050648
70.51559685050648
70.51559685050648
70.51559685050648
70.51559685050648
70.51559685050648
70.51559685050648
70.51559685050648
70.51559685050648
70.51559685050648
70.51559685050648
70.51559685050648
70.51559685050648
70.51559685050648
70.51559685050648
70.51559685050648
70.51559685050648
70.51559685050648
70.51559685050648
70.51559685050648
70.51559685050648
70.51559685050648
70.51559685050648
70.51559685050648
70.51559685050648
70.51559685050648
70.51559685050648
70.51559685050648
70.51559685050648
70.51559685050648
70.51559685050648
70.51559685050648
70.51559685050648
70.51559685050648
70.51559685050648
70.51559685050648
70.51559685050648
70.51559685050648
70.51559685050648
70.51559685050648
70.51559685050648
70.51559685050648
70.51559685050648
70.51559685050648
70.51559685050648
70.51559685050648
70.51559685050648
70.51559685050648
70.51559685050648
70.51559685050648
70.51559685050648
70.51559685050648
70.51559685050648
70.51559685050648
70.51559685050648
70.51559685050648
70.51559685050648
70.51559685050648
70.51559685050648
70.51559685050648
70.51559685050648
70.51559685050648
70.51559685050648
70.51559685050648
70.51559685050648
70.51559685050648
70.51559685050648
70.51559685050648
70.51559685050648
70.51559685050648
70.51559685050648
70.51559685050648
70.51559685050648
70.51559685050648
70.51559685050648
70.51559685050648
70.51559685050648
70.51559685050648
70.51559685050648
70.51559685050648
70.51559685050648
70.51559685050648
70.51559685050648
70.51559685050648
70.51559685050648
70.51559685050648
70.51559685050648
70.51559685050648
70.51559685050648
70.51559685050648
70.51559685050648
70.51559685050648
70.51559685050648
70.51559685050648
70.51559685050648
70.51559685050648
70.51559685050648
70.51559685050648
70.51559685050648
70.51559685050648
70.51559685050648
70.51559685050648
70.51559685050648
70.51559685050648
70.51559685050648
70.51559685050648
70.51559685050648
70.51559685050648
70.51559685050648
70.51559685050648
70.51559685050648
70.51559685050648
70.51559685050648
70.51559685050648
70.51559685050648
70.51559685050648
70.51559685050648
70.51559685050648
70.51559685050648
70.51559685050648
70.51559685050648
70.51559685050648
70.51559685050648
70.51559685050648
70.51559685050648
70.51559685050648
70.51559685050648
70.51559685050648
70.51559685050648
70.51559685050648
70.51559685050648
70.51559685050648
70.51559685050648
70.51559685050648
70.51559685050648
70.51559685050648
70.51559685050648
70.51559685050648
70.51559685050648
70.51559685050648
70.51559685050648
70.51559685050648
70.51559685050648
70.51559685050648
70.51559685050648
70.51559685050648
70.51559685050648
70.51559685050648
70.51559685050648
70.51559685050648
70.51559685050648
70.51559685050648
70.51559685050648
70.51559685050648
70.51559685050648
70.51559685050648
70.51559685050648
70.51559685050648
70.51559685050648
70.51559685050648
70.51559685050648
70.51559685050648
70.51559685050648
70.51559685050648
70.51559685050648
70.51559685050648
70.51559685050648
70.51559685050648
70.51559685050648
70.51559685050648
70.51559685050648
70.51559685050648
70.51559685050648
70.51559685050648
70.51559685050648
70.51559685050648
70.51559685050648
70.51559685050648
70.51559685050648
70.51559685050648
70.51559685050648
70.51559685050648
70.51559685050648
70.51559685050648
70.51559685050648
70.51559685050648
70.51559685050648
70.51559685050648
70.51559685050648
70.51559685050648
70.51559685050648
70.51559685050648
70.51559685050648
70.51559685050648
70.51559685050648
70.51559685050648
70.51559685050648
72.7000347979727
72.7000347979727
72.7000347979727
72.7000347979727
72.7000347979727
72.7000347979727
72.7000347979727
72.7000347979727
72.7000347979727
72.7000347979727
72.7000347979727
72.7000347979727
72.7000347979727
72.7000347979727
72.7000347979727
72.7000347979727
72.7000347979727
72.7000347979727
72.7000347979727
72.7000347979727
72.7000347979727
72.7000347979727
72.7000347979727
72.7000347979727
72.7000347979727
72.7000347979727
72.7000347979727
72.7000347979727
72.7000347979727
72.7000347979727
72.7000347979727
72.7000347979727
72.7000347979727
72.7000347979727
72.7000347979727
72.7000347979727
72.7000347979727
72.7000347979727
72.7000347979727
72.7000347979727
72.7000347979727
72.7000347979727
72.7000347979727
72.7000347979727
72.7000347979727
72.7000347979727
72.7000347979727
72.7000347979727
72.7000347979727
72.7000347979727
72.7000347979727
72.7000347979727
72.7000347979727
72.7000347979727
72.7000347979727
72.7000347979727
72.7000347979727
72.7000347979727
72.7000347979727
72.7000347979727
72.7000347979727
72.7000347979727
72.7000347979727
72.7000347979727
72.7000347979727
72.7000347979727
72.7000347979727
72.7000347979727
72.7000347979727
72.7000347979727
72.7000347979727
72.7000347979727
72.7000347979727
72.7000347979727
72.7000347979727
72.7000347979727
72.7000347979727
72.7000347979727
72.7000347979727
72.7000347979727
72.7000347979727
72.7000347979727
72.7000347979727
72.7000347979727
72.7000347979727
72.7000347979727
72.7000347979727
72.7000347979727
72.7000347979727
72.7000347979727
72.7000347979727
72.7000347979727
72.7000347979727
72.7000347979727
72.7000347979727
72.7000347979727
72.7000347979727
72.7000347979727
72.7000347979727
72.7000347979727
72.7000347979727
72.7000347979727
72.7000347979727
72.7000347979727
72.7000347979727
72.7000347979727
72.7000347979727
72.7000347979727
72.7000347979727
72.7000347979727
72.7000347979727
72.7000347979727
72.7000347979727
72.7000347979727
72.7000347979727
72.7000347979727
72.7000347979727
72.7000347979727
72.7000347979727
72.7000347979727
72.7000347979727
72.7000347979727
72.7000347979727
72.7000347979727
72.7000347979727
72.7000347979727
72.7000347979727
72.7000347979727
72.7000347979727
72.7000347979727
72.7000347979727
